#nbCustomers
75
#nbParkings
2
#nbCentralDepots
2
#nbVehicles
4
#nbProducts
2
#parking info
2 25200 61200
2 25200 61200
#central depot info
28800 57600 1800 1.8
28800 57600 1800 1.8
#vehicle info
25200 61200 780 1430 2 1
25200 61200 1380 2530 2 1
25200 61200 600 1100 2 1
25200 61200 8580 15730 2 1
#weight of products
1
1
#customer demand
123 35
56 37
53 38
153 0
231 0
43 29
137 0
315 114
169 0
51 13
133 0
26 24
88 0
134 0
67 0
127 0
117 0
247 0
121 47
139 0
82 77
182 0
191 0
43 29
0 57
0 36
0 61
56 37
123 35
315 114
0 57
0 34
0 97
0 36
0 61
0 22
53 38
26 24
0 34
51 13
0 33
0 31
0 53
0 53
0 56
0 63
0 32
0 47
82 77
0 39
0 63
0 23
121 47
0 78
0 26
0 22
0 47
0 37
0 59
0 22
0 36
0 22
0 35
0 31
0 27
0 28
0 34
0 54
0 33
0 66
0 37
0 33
0 36
0 25
0 59
#customer info
49000 51800 900 4.2
55400 57200 900 4.2
32400 57600 900 4.2
43600 45700 900 4.2
34000 37600 900 4.2
38200 40100 900 4.2
49400 51200 900 4.2
36800 39700 900 4.2
54700 57600 900 4.2
48000 50600 900 4.2
35400 38600 900 4.2
39000 41200 900 4.2
40800 42500 900 4.2
32400 57600 900 4.2
46400 48600 900 4.2
32400 57600 900 4.2
55400 59600 900 4.2
32400 57600 900 4.2
42400 44600 900 4.2
32400 57600 900 4.2
32400 57600 900 4.2
32400 57600 900 4.2
32400 57600 900 4.2
32400 57600 900 4.2
32400 57600 900 4.2
32400 57600 900 4.2
32400 57600 900 4.2
32400 57600 900 4.2
32400 57600 900 4.2
32400 57600 900 4.2
32400 57600 900 4.2
32400 57600 900 4.2
50400 53600 900 4.2
32400 36000 900 4.2
58400 61200 900 4.2
32400 57600 900 4.2
32400 57600 900 4.2
32400 57600 900 4.2
32400 57600 900 4.2
39400 43600 900 4.2
57000 59100 900 4.2
32400 57600 900 4.2
32400 57600 900 4.2
32400 57600 900 4.2
32400 34600 900 4.2
35000 40000 900 4.2
32400 57600 900 4.2
32400 57600 900 4.2
32400 57600 900 4.2
38000 41600 900 4.2
39000 41200 900 4.2
32400 57600 900 4.2
33400 36000 900 4.2
32400 57600 900 4.2
44400 46300 900 4.2
32400 57600 900 4.2
32400 57600 900 4.2
32400 57600 900 4.2
45000 47600 900 4.2
32400 57600 900 4.2
32400 57600 900 4.2
32400 57600 900 4.2
32400 57600 900 4.2
32400 57600 900 4.2
42400 45600 900 4.2
32400 57600 900 4.2
32400 57600 900 4.2
55100 57600 900 4.2
32400 57600 900 4.2
32400 57600 900 4.2
32400 57600 900 4.2
45400 49600 900 4.2
44000 47600 900 4.2
32400 57600 900 4.2
32400 57600 900 4.2
#vehicle - product
1 1
1 1
1 1
1 1
#vehicles - customer
1 1 1 1 1 1 1 1 1 1 1 1 1 1 1 1 1 1 1 1 1 1 1 1 1 1 1 1 1 1 1 1 1 1 1 1 1 1 1 1 1 1 1 1 1 1 1 1 1 1 1 1 1 1 1 1 1 1 1 1 1 1 1 1 1 1 1 1 1 1 1 1 1 1 1
1 1 1 1 1 1 1 1 1 1 1 1 1 1 1 1 1 1 1 1 1 1 1 1 1 1 1 1 1 1 1 1 1 1 1 1 1 1 1 1 1 1 1 1 1 1 1 1 1 1 1 1 1 1 1 1 1 1 1 1 1 1 1 1 1 1 1 1 1 1 1 1 1 1 1
1 1 1 1 1 1 1 1 1 1 1 1 1 1 1 1 1 1 1 1 1 1 1 1 1 1 1 1 1 1 1 1 1 1 1 1 1 1 1 1 1 1 1 1 1 1 1 1 1 1 1 1 1 1 1 1 1 1 1 1 1 1 1 1 1 1 1 1 1 1 1 1 1 1 1
1 1 1 1 1 1 1 1 1 1 1 1 1 1 1 1 1 1 1 1 1 1 1 1 1 1 1 1 1 1 1 1 1 1 1 1 1 1 1 1 1 1 1 1 1 1 1 1 1 1 1 1 1 1 1 1 1 1 1 1 1 1 1 1 1 1 1 1 1 1 1 1 1 1 1
#vehicle - remain
0 0 0 0 0 0 0 0 0 0 0 0 0 0 0 0 0 0 0 0 0 0 0 0 0 0 0 0 0 0 0 0 0 0 0 0 0 0 0 0 0 0 0 0 0 0 0 0 0 0 0 0 0 0 0 0 0 0 0 0 0 0 0 0 0 0 0 0 0 0 0 0 0 0 0
0 0 0 0 0 0 0 0 0 0 0 0 0 0 0 0 0 0 0 0 0 0 0 0 0 0 0 0 0 0 0 0 0 0 0 0 0 0 0 0 0 0 0 0 0 0 0 0 0 0 0 0 0 0 0 0 0 0 0 0 0 0 0 0 0 0 0 0 0 0 0 0 0 0 0
0 0 0 0 0 0 0 0 0 0 0 0 0 0 0 0 0 0 0 0 0 0 0 0 0 0 0 0 0 0 0 0 0 0 0 0 0 0 0 0 0 0 0 0 0 0 0 0 0 0 0 0 0 0 0 0 0 0 0 0 0 0 0 0 0 0 0 0 0 0 0 0 0 0 0
0 0 0 0 0 0 0 0 0 0 0 0 0 0 0 0 0 0 0 0 0 0 0 0 0 0 0 0 0 0 0 0 0 0 0 0 0 0 0 0 0 0 0 0 0 0 0 0 0 0 0 0 0 0 0 0 0 0 0 0 0 0 0 0 0 0 0 0 0 0 0 0 0 0 0
#travel time matrix
6241
0 0 0
0 1 245
0 2 1222
0 3 1216
0 4 1441
0 5 743
0 6 350
0 7 800
0 8 1256
0 9 1500
0 10 1864
0 11 1015
0 12 1451
0 13 1353
0 14 1131
0 15 1243
0 16 2157
0 17 1355
0 18 838
0 19 1472
0 20 906
0 21 1379
0 22 866
0 23 2669
0 24 1207
0 25 1268
0 26 1278
0 27 1500
0 28 1421
0 29 245
0 30 340
0 31 743
0 32 1441
0 33 1015
0 34 1626
0 35 1408
0 36 537
0 37 1185
0 38 3356
0 39 1170
0 40 350
0 41 1243
0 42 277
0 43 1353
0 44 982
0 45 1225
0 46 464
0 47 1662
0 48 217
0 49 1638
0 50 1278
0 51 1139
0 52 1207
0 53 1430
0 54 1081
0 55 1743
0 56 866
0 57 2916
0 58 1002
0 59 1137
0 60 1099
0 61 288
0 62 697
0 63 1962
0 64 1771
0 65 1770
0 66 1626
0 67 1218
0 68 962
0 69 1044
0 70 1936
0 71 269
0 72 1780
0 73 811
0 74 1213
0 75 812
0 76 2342
0 77 2495
0 78 1794
1 0 280
1 1 0
1 2 1275
1 3 1405
1 4 1243
1 5 756
1 6 461
1 7 750
1 8 1107
1 9 1510
1 10 1667
1 11 1204
1 12 1401
1 13 1542
1 14 970
1 15 1253
1 16 2345
1 17 1157
1 18 641
1 19 1661
1 20 709
1 21 1230
1 22 773
1 23 2598
1 24 1278
1 25 1078
1 26 1130
1 27 1510
1 28 1610
1 29 356
1 30 391
1 31 756
1 32 1243
1 33 1204
1 34 1576
1 35 1211
1 36 624
1 37 1373
1 38 3366
1 39 1359
1 40 461
1 41 1253
1 42 464
1 43 1542
1 44 1035
1 45 1414
1 46 343
1 47 1612
1 48 282
1 49 1692
1 50 1101
1 51 956
1 52 1278
1 53 1359
1 54 1091
1 55 1593
1 56 773
1 57 2926
1 58 853
1 59 1326
1 60 949
1 61 52
1 62 696
1 63 1911
1 64 1574
1 65 1573
1 66 1428
1 67 1147
1 68 1151
1 69 1097
1 70 1743
1 71 379
1 72 1968
1 73 741
1 74 1015
1 75 614
1 76 2292
1 77 2425
1 78 1805
2 0 1195
2 1 1211
2 2 0
2 3 2137
2 4 1137
2 5 631
2 6 872
2 7 1950
2 8 2306
2 9 596
2 10 1894
2 11 1971
2 12 2600
2 13 2271
2 14 1951
2 15 697
2 16 3075
2 17 1787
2 18 1657
2 19 2032
2 20 1537
2 21 2429
2 22 1972
2 23 3798
2 24 953
2 25 1978
2 26 2329
2 27 596
2 28 2525
2 29 977
2 30 938
2 31 631
2 32 1137
2 33 1971
2 34 2775
2 35 1960
2 36 1713
2 37 2102
2 38 2269
2 39 2071
2 40 872
2 41 697
2 42 1386
2 43 2271
2 44 254
2 45 2143
2 46 1543
2 47 2812
2 48 1367
2 49 471
2 50 2082
2 51 1886
2 52 953
2 53 2559
2 54 525
2 55 2577
2 56 1972
2 57 1829
2 58 2052
2 59 1606
2 60 2113
2 61 1216
2 62 1873
2 63 3111
2 64 1766
2 65 1418
2 66 1254
2 67 1033
2 68 1890
2 69 275
2 70 2454
2 71 963
2 72 2640
2 73 1940
2 74 1281
2 75 1556
2 76 3491
2 77 3624
2 78 708
3 0 1247
3 1 1400
3 2 2201
3 3 0
3 4 2595
3 5 1933
3 6 1498
3 7 1557
3 8 2030
3 9 2623
3 10 3019
3 11 212
3 12 2137
3 13 378
3 14 2215
3 15 2435
3 16 1181
3 17 2509
3 18 1992
3 19 671
3 20 2060
3 21 2195
3 22 1749
3 23 3370
3 24 1656
3 25 2403
3 26 2038
3 27 2623
3 28 531
3 29 1400
3 30 1544
3 31 1933
3 32 2595
3 33 212
3 34 2182
3 35 2562
3 36 1279
3 37 148
3 38 4355
3 39 291
3 40 1498
3 41 2435
3 42 985
3 43 378
3 44 1964
3 45 290
3 46 1544
3 47 2199
3 48 1274
3 49 2623
3 50 2363
3 51 2274
3 52 1656
3 53 2122
3 54 2194
3 55 2737
3 56 1749
3 57 3915
3 58 1996
3 59 693
3 60 2116
3 61 1442
3 62 1576
3 63 2584
3 64 2925
3 65 2925
3 66 2780
3 67 2422
3 68 326
3 69 1968
3 70 3069
3 71 1421
3 72 804
3 73 1714
3 74 2367
3 75 1966
3 76 2967
3 77 3197
3 78 2793
4 0 1456
4 1 1265
4 2 1169
4 3 2588
4 4 0
4 5 979
4 6 1393
4 7 1593
4 8 1713
4 9 945
4 10 818
4 11 2387
4 12 2160
4 13 2725
4 14 1202
4 15 511
4 16 3529
4 17 725
4 18 922
4 19 2617
4 20 803
4 21 1733
4 22 1409
4 23 3235
4 24 1854
4 25 1083
4 26 1745
4 27 945
4 28 2646
4 29 1410
4 30 1211
4 31 979
4 32 0
4 33 2387
4 34 2335
4 35 915
4 36 1623
4 37 2557
4 38 2752
4 39 2543
4 40 1393
4 41 511
4 42 1647
4 43 2725
4 44 1136
4 45 2597
4 46 1178
4 47 2371
4 48 1380
4 49 1304
4 50 1306
4 51 1056
4 52 1854
4 53 1995
4 54 749
4 55 1828
4 56 1409
4 57 2312
4 58 1387
4 59 2191
4 60 1379
4 61 1270
4 62 1550
4 63 2667
4 64 690
4 65 345
4 66 185
4 67 375
4 68 2334
4 69 1198
4 70 1378
4 71 1427
4 72 3152
4 73 1487
4 74 352
4 75 831
4 76 2979
4 77 3061
4 78 1243
5 0 727
5 1 720
5 2 641
5 3 1822
5 4 981
5 5 0
5 6 436
5 7 1455
5 8 1812
5 9 886
5 10 1637
5 11 1656
5 12 2106
5 13 1956
5 14 1393
5 15 629
5 16 2759
5 17 1281
5 18 1099
5 19 1717
5 20 979
5 21 1911
5 22 1478
5 23 3303
5 24 954
5 25 1420
5 26 1835
5 27 886
5 28 2129
5 29 541
5 30 420
5 31 0
5 32 981
5 33 1656
5 34 2281
5 35 1403
5 36 1246
5 37 1787
5 38 2742
5 39 1756
5 40 436
5 41 629
5 42 950
5 43 1956
5 44 402
5 45 1828
5 46 1048
5 47 2317
5 48 879
5 49 1058
5 50 1524
5 51 1328
5 52 954
5 53 2064
5 54 467
5 55 2019
5 56 1478
5 57 2302
5 58 1555
5 59 1291
5 60 1555
5 61 725
5 62 1393
5 63 2616
5 64 1499
5 65 1326
5 66 1166
5 67 674
5 68 1575
5 69 464
5 70 2015
5 71 527
5 72 2325
5 73 1446
5 74 704
5 75 998
5 76 2997
5 77 3130
5 78 1180
6 0 322
6 1 392
6 2 871
6 3 1490
6 4 1393
6 5 436
6 6 0
6 7 1104
6 8 1487
6 9 1287
6 10 1992
6 11 1289
6 12 1754
6 13 1627
6 14 1350
6 15 1058
6 16 2430
6 17 1537
6 18 1020
6 19 1503
6 20 1089
6 21 1610
6 22 1153
6 23 2972
6 24 857
6 25 1458
6 26 1509
6 27 1287
6 28 1695
6 29 105
6 30 260
6 31 436
6 32 1393
6 33 1289
6 34 1929
6 35 1591
6 36 841
6 37 1458
6 38 3020
6 39 1444
6 40 0
6 41 1058
6 42 513
6 43 1627
6 44 631
6 45 1499
6 46 723
6 47 1966
6 48 498
6 49 1288
6 50 1481
6 51 1335
6 52 857
6 53 1733
6 54 859
6 55 1973
6 56 1153
6 57 2579
6 58 1233
6 59 1077
6 60 1329
6 61 396
6 62 1000
6 63 2265
6 64 1855
6 65 1738
6 66 1578
6 67 1062
6 68 1236
6 69 693
6 70 2123
6 71 90
6 72 2053
6 73 1114
6 74 1093
6 75 994
6 76 2645
6 77 2799
6 78 1458
7 0 824
7 1 743
7 2 1964
7 3 1515
7 4 1641
7 5 1472
7 6 1104
7 7 0
7 8 571
7 9 2200
7 10 1748
7 11 1434
7 12 658
7 13 1490
7 14 836
7 15 1786
7 16 2325
7 17 1365
7 18 880
7 19 1892
7 20 975
7 21 717
7 22 267
7 23 1891
7 24 1959
7 25 1063
7 26 579
7 27 2200
7 28 1318
7 29 999
7 30 1072
7 31 1472
7 32 1641
7 33 1434
7 34 833
7 35 1235
7 36 428
7 37 1473
7 38 4007
7 39 1590
7 40 1104
7 41 1786
7 42 861
7 43 1490
7 44 1724
7 45 1619
7 46 552
7 47 869
7 48 648
7 49 2381
7 50 926
7 51 984
7 52 1959
7 53 643
7 54 1806
7 55 1277
7 56 267
7 57 3567
7 58 533
7 59 1556
7 60 653
7 61 786
7 62 173
7 63 1168
7 64 1883
7 65 1961
7 66 1826
7 67 1581
7 68 1381
7 69 1787
7 70 1628
7 71 1022
7 72 2011
7 73 236
7 74 1413
7 75 903
7 76 1549
7 77 1718
7 78 2498
8 0 1232
8 1 1056
8 2 2277
8 3 1976
8 4 1700
8 5 1785
8 6 1455
8 7 508
8 8 0
8 9 2276
8 10 1414
8 11 1873
8 12 626
8 13 1951
8 14 559
8 15 1862
8 16 2760
8 17 1097
8 18 822
8 19 2330
8 20 940
8 21 174
8 22 416
8 23 1700
8 24 2272
8 25 729
8 26 127
8 27 2276
8 28 1779
8 29 1349
8 30 1385
8 31 1785
8 32 1700
8 33 1873
8 34 807
8 35 903
8 36 867
8 37 1934
8 38 4084
8 39 2029
8 40 1455
8 41 1862
8 42 1268
8 43 1951
8 44 2037
8 45 2080
8 46 864
8 47 920
8 48 1039
8 49 2607
8 50 529
8 51 750
8 52 2272
8 53 474
8 54 1960
8 55 770
8 56 416
8 57 3643
8 58 293
8 59 1995
8 60 365
8 61 1098
8 62 597
8 63 1132
8 64 1548
8 65 1776
8 66 1863
8 67 1657
8 68 1820
8 69 2099
8 70 1211
8 71 1373
8 72 2472
8 73 450
8 74 1472
8 75 899
8 76 1444
8 77 1526
8 78 2575
9 0 1498
9 1 1476
9 2 596
9 3 2568
9 4 930
9 5 886
9 6 1297
9 7 2155
9 8 2283
9 9 0
9 10 1687
9 11 2402
9 12 2730
9 13 2702
9 14 1795
9 15 494
9 16 3506
9 17 1580
9 18 1500
9 19 2463
9 20 1380
9 21 2313
9 22 1979
9 23 3804
9 24 1522
9 25 1822
9 26 2315
9 27 0
9 28 2900
9 29 1374
9 30 1176
9 31 886
9 32 930
9 33 2402
9 34 2905
9 35 1770
9 36 2003
9 37 2533
9 38 1904
9 39 2502
9 40 1297
9 41 494
9 42 1720
9 43 2702
9 44 850
9 45 2574
9 46 1739
9 47 2941
9 48 1635
9 49 407
9 50 1926
9 51 1730
9 52 1522
9 53 2565
9 54 506
9 55 2421
9 56 1979
9 57 1464
9 58 1957
9 59 2037
9 60 1957
9 61 1481
9 62 2112
9 63 3236
9 64 1559
9 65 1167
9 66 1003
9 67 842
9 68 2321
9 69 871
9 70 2247
9 71 1370
9 72 3072
9 73 2057
9 74 1090
9 75 1401
9 76 3549
9 77 3631
9 78 348
10 0 1784
10 1 1594
10 2 1987
10 3 2917
10 4 904
10 5 1693
10 6 1988
10 7 1705
10 8 1443
10 9 1766
10 10 0
10 11 2716
10 12 1988
10 13 3053
10 14 932
10 15 1329
10 16 3857
10 17 629
10 18 1006
10 19 3173
10 20 917
10 21 1375
10 22 1531
10 23 2961
10 24 2641
10 25 737
10 26 1512
10 27 1766
10 28 2956
10 29 1883
10 30 1857
10 31 1693
10 32 904
10 33 2716
10 34 2158
10 35 595
10 36 1924
10 37 2885
10 38 3569
10 39 2871
10 40 1988
10 41 1329
10 42 1976
10 43 3053
10 44 1953
10 45 2926
10 46 1506
10 47 2282
10 48 1709
10 49 2122
10 50 920
10 51 824
10 52 2641
10 53 1899
10 54 1567
10 55 1417
10 56 1531
10 57 3129
10 58 1241
10 59 2833
10 60 1124
10 61 1591
10 62 1747
10 63 2483
10 64 307
10 65 778
10 66 868
10 67 1171
10 68 2662
10 69 2015
10 70 606
10 71 1907
10 72 3480
10 73 1593
10 74 1030
10 75 985
10 76 2778
10 77 2788
10 78 2064
11 0 1067
11 1 1220
11 2 2022
11 3 212
11 4 2415
11 5 1754
11 6 1319
11 7 1511
11 8 1999
11 9 2443
11 10 2839
11 11 0
11 12 2144
11 13 368
11 14 2036
11 15 2255
11 16 1172
11 17 2329
11 18 1813
11 19 515
11 20 1881
11 21 2122
11 22 1599
11 23 3378
11 24 1476
11 25 2224
11 26 2021
11 27 2443
11 28 601
11 29 1220
11 30 1365
11 31 1754
11 32 2415
11 33 0
11 34 2252
11 35 2383
11 36 1109
11 37 186
11 38 4176
11 39 186
11 40 1319
11 41 2255
11 42 806
11 43 368
11 44 1784
11 45 241
11 46 1365
11 47 2268
11 48 1095
11 49 2444
11 50 2183
11 51 2095
11 52 1476
11 53 2129
11 54 2014
11 55 2616
11 56 1599
11 57 3735
11 58 1817
11 59 514
11 60 1936
11 61 1263
11 62 1426
11 63 2654
11 64 2746
11 65 2745
11 66 2600
11 67 2243
11 68 147
11 69 1789
11 70 2890
11 71 1242
11 72 795
11 73 1543
11 74 2187
11 75 1786
11 76 3035
11 77 3204
11 78 2614
12 0 1543
12 1 1470
12 2 2692
12 3 2191
12 4 2152
12 5 2199
12 6 1823
12 7 796
12 8 589
12 9 2723
12 10 1992
12 11 2153
12 12 0
12 13 2166
12 14 1137
12 15 2309
12 16 2432
12 17 1675
12 18 1384
12 19 2610
12 20 1486
12 21 738
12 22 768
12 23 1423
12 24 2680
12 25 1307
12 26 517
12 27 2723
12 28 1760
12 29 1718
12 30 1799
12 31 2199
12 32 2152
12 33 2153
12 34 213
12 35 1481
12 36 1147
12 37 2148
12 38 4531
12 39 2309
12 40 1823
12 41 2309
12 42 1579
12 43 2166
12 44 2452
12 45 2294
12 46 1279
12 47 377
12 48 1367
12 49 3054
12 50 1107
12 51 1329
12 52 2680
12 53 190
12 54 2407
12 55 1044
12 56 768
12 57 4090
12 58 871
12 59 2275
12 60 943
12 61 1513
12 62 901
12 63 543
12 64 2126
12 65 2354
12 66 2337
12 67 2104
12 68 2100
12 69 2514
12 70 1789
12 71 1741
12 72 2559
12 73 802
12 74 1924
12 75 1414
12 76 956
12 77 1250
12 78 3021
13 0 1381
13 1 1534
13 2 2336
13 3 350
13 4 2729
13 5 2068
13 6 1633
13 7 1541
13 8 2014
13 9 2757
13 10 3138
13 11 369
13 12 2108
13 13 0
13 14 2232
13 15 2569
13 16 863
13 17 2643
13 18 2127
13 19 688
13 20 2195
13 21 2179
13 22 1733
13 23 3354
13 24 1791
13 25 2442
13 26 2022
13 27 2757
13 28 445
13 29 1534
13 30 1679
13 31 2068
13 32 2729
13 33 369
13 34 2123
13 35 2614
13 36 1263
13 37 239
13 38 4490
13 39 308
13 40 1633
13 41 2569
13 42 1120
13 43 0
13 44 2099
13 45 244
13 46 1679
13 47 2139
13 48 1409
13 49 2758
13 50 2379
13 51 2364
13 52 1791
13 53 2106
13 54 2329
13 55 2721
13 56 1733
13 57 4049
13 58 1999
13 59 828
13 60 2119
13 61 1577
13 62 1560
13 63 2525
13 64 3060
13 65 3059
13 66 2915
13 67 2557
13 68 461
13 69 2103
13 70 3079
13 71 1556
13 72 595
13 73 1698
13 74 2502
13 75 2100
13 76 2951
13 77 3181
13 78 2928
14 0 1131
14 1 952
14 2 1871
14 3 2192
14 4 1204
14 5 1393
14 6 1352
14 7 806
14 8 598
14 9 1804
14 10 928
14 11 1991
14 12 1143
14 13 2220
14 14 0
14 15 1389
14 16 3055
14 17 584
14 18 385
14 19 2448
14 20 488
14 21 542
14 22 620
14 23 2120
14 24 2169
14 25 237
14 26 667
14 27 1804
14 28 2048
14 29 1246
14 30 1281
14 31 1393
14 32 1204
14 33 1991
14 34 1317
14 35 408
14 36 1016
14 37 2161
14 38 3611
14 39 2147
14 40 1352
14 41 1389
14 42 1291
14 43 2220
14 44 1778
14 45 2201
14 46 814
14 47 1437
14 48 1017
14 49 2135
14 50 155
14 51 202
14 52 2169
14 53 1053
14 54 1487
14 55 638
14 56 620
14 57 3171
14 58 328
14 59 2113
14 60 250
14 61 995
14 62 836
14 63 1641
14 64 1062
14 65 1244
14 66 1331
14 67 1184
14 68 1938
14 69 1840
14 70 875
14 71 1270
14 72 2742
14 73 682
14 74 999
14 75 503
14 76 1936
14 77 1946
14 78 2102
15 0 1214
15 1 1192
15 2 718
15 3 2346
15 4 495
15 5 603
15 6 1032
15 7 1706
15 8 1834
15 9 512
15 10 1252
15 11 2180
15 12 2281
15 13 2480
15 14 1347
15 15 0
15 16 3283
15 17 1145
15 18 1052
15 19 2241
15 20 932
15 21 1864
15 22 1531
15 23 3356
15 24 1478
15 25 1373
15 26 1867
15 27 512
15 28 2616
15 29 1090
15 30 892
15 31 603
15 32 495
15 33 2180
15 34 2456
15 35 1335
15 36 1719
15 37 2311
15 38 2319
15 39 2280
15 40 1032
15 41 0
15 42 1436
15 43 2480
15 44 759
15 45 2352
15 46 1291
15 47 2493
15 48 1352
15 49 853
15 50 1478
15 51 1282
15 52 1478
15 53 2117
15 54 325
15 55 1972
15 56 1531
15 57 1878
15 58 1508
15 59 1815
15 60 1508
15 61 1197
15 62 1663
15 63 2788
15 64 1124
15 65 840
15 66 680
15 67 393
15 68 2099
15 69 822
15 70 1812
15 71 1086
15 72 2850
15 73 1608
15 74 641
15 75 952
15 76 3100
15 77 3182
15 78 810
16 0 2187
16 1 2340
16 2 3089
16 3 1184
16 4 3535
16 5 2839
16 6 2438
16 7 2379
16 8 2789
16 9 3511
16 10 3959
16 11 1175
16 12 2384
16 13 865
16 14 3071
16 15 3323
16 16 0
16 17 3449
16 18 2932
16 19 1234
16 20 3000
16 21 2954
16 22 2507
16 23 3682
16 24 2570
16 25 3282
16 26 2797
16 27 3511
16 28 1128
16 29 2340
16 30 2484
16 31 2839
16 32 3535
16 33 1175
16 34 2400
16 35 3454
16 36 2103
16 37 1044
16 38 5243
16 39 1113
16 40 2438
16 41 3323
16 42 1925
16 43 865
16 44 2852
16 45 1049
16 46 2484
16 47 2416
16 48 2214
16 49 3511
16 50 3165
16 51 3204
16 52 2570
16 53 2540
16 54 3082
16 55 3370
16 56 2507
16 57 4803
16 58 2774
16 59 1584
16 60 2893
16 61 2382
16 62 2390
16 63 2802
16 64 3865
16 65 3865
16 66 3720
16 67 3362
16 68 1266
16 69 2856
16 70 3853
16 71 2361
16 72 576
16 73 2492
16 74 3307
16 75 2906
16 76 3253
16 77 3509
16 78 3681
17 0 1346
17 1 1156
17 2 1744
17 3 2479
17 4 727
17 5 1289
17 6 1551
17 7 1323
17 8 1137
17 9 1586
17 10 705
17 11 2278
17 12 1682
17 13 2616
17 14 586
17 15 1150
17 16 3419
17 17 0
17 18 577
17 19 2735
17 20 468
17 21 1068
17 22 1138
17 23 2655
17 24 2237
17 25 399
17 26 1206
17 27 1586
17 28 2537
17 29 1445
17 30 1408
17 31 1289
17 32 727
17 33 2278
17 34 1852
17 35 231
17 36 1513
17 37 2447
17 38 3393
17 39 2433
17 40 1551
17 41 1150
17 42 1538
17 43 2616
17 44 1651
17 45 2488
17 46 1068
17 47 1976
17 48 1271
17 49 1928
17 50 622
17 51 420
17 52 2237
17 53 1592
17 54 1360
17 55 1164
17 56 1138
17 57 2953
17 58 870
17 59 2396
17 60 809
17 61 1153
17 62 1354
17 63 2176
17 64 690
17 65 727
17 66 814
17 67 882
17 68 2225
17 69 1714
17 70 833
17 71 1469
17 72 3042
17 73 1200
17 74 655
17 75 547
17 76 2471
17 77 2481
17 78 1885
18 0 857
18 1 666
18 2 1567
18 3 1989
18 4 924
18 5 1090
18 6 1061
18 7 859
18 8 853
18 9 1500
18 10 1078
18 11 1788
18 12 1385
18 13 2126
18 14 377
18 15 1086
18 16 2930
18 17 577
18 18 0
18 19 2245
18 20 141
18 21 878
18 22 649
18 23 2418
18 24 1878
18 25 439
18 26 885
18 27 1500
18 28 2019
18 29 956
18 30 974
18 31 1090
18 32 924
18 33 1788
18 34 1565
18 35 584
18 36 987
18 37 1958
18 38 3308
18 39 1944
18 40 1061
18 41 1086
18 42 1048
18 43 2126
18 44 1475
18 45 1998
18 46 578
18 47 1611
18 48 781
18 49 1831
18 50 508
18 51 316
18 52 1878
18 53 1235
18 54 1184
18 55 1003
18 56 649
18 57 2867
18 58 527
18 59 1906
18 60 522
18 61 664
18 62 870
18 63 1891
18 64 1115
18 65 1114
18 66 1109
18 67 881
18 68 1735
18 69 1537
18 70 1104
18 71 979
18 72 2553
18 73 727
18 74 696
18 75 132
18 76 2197
18 77 2244
18 78 1798
19 0 1468
19 1 1621
19 2 2005
19 3 655
19 4 2590
19 5 1755
19 6 1486
19 7 1912
19 8 2400
19 9 2426
19 10 3240
19 11 514
19 12 2546
19 13 673
19 14 2437
19 15 2238
19 16 1295
19 17 2730
19 18 2214
19 19 0
19 20 2282
19 21 2523
19 22 2000
19 23 3779
19 24 1486
19 25 2625
19 26 2422
19 27 2426
19 28 1037
19 29 1592
19 30 1701
19 31 1755
19 32 2590
19 33 514
19 34 2688
19 35 2784
19 36 1510
19 37 555
19 38 4159
19 39 364
19 40 1486
19 41 2238
19 42 1207
19 43 673
19 44 1767
19 45 451
19 46 1766
19 47 2704
19 48 1496
19 49 2427
19 50 2584
19 51 2496
19 52 1486
19 53 2530
19 54 1997
19 55 3017
19 56 2000
19 57 3718
19 58 2218
19 59 500
19 60 2337
19 61 1664
19 62 1827
19 63 3056
19 64 3147
19 65 2935
19 66 2775
19 67 2422
19 68 512
19 69 1772
19 70 3291
19 71 1577
19 72 801
19 73 1944
19 74 2453
19 75 2187
19 76 3436
19 77 3606
19 78 2597
20 0 898
20 1 707
20 2 1448
20 3 2031
20 4 804
20 5 970
20 6 1102
20 7 954
20 8 971
20 9 1380
20 10 989
20 11 1830
20 12 1494
20 13 2167
20 14 479
20 15 966
20 16 2971
20 17 468
20 18 141
20 19 2286
20 20 0
20 21 996
20 22 744
20 23 2536
20 24 1901
20 25 536
20 26 1004
20 27 1380
20 28 2089
20 29 997
20 30 1015
20 31 970
20 32 804
20 33 1830
20 34 1669
20 35 533
20 36 1065
20 37 1999
20 38 3188
20 39 1985
20 40 1102
20 41 966
20 42 1089
20 43 2167
20 44 1355
20 45 2040
20 46 620
20 47 1706
20 48 822
20 49 1711
20 50 610
20 51 414
20 52 1901
20 53 1330
20 54 1064
20 55 1105
20 56 744
20 57 2747
20 58 645
20 59 1947
20 60 640
20 61 705
20 62 964
20 63 2001
20 64 1006
20 65 1005
20 66 989
20 67 761
20 68 1776
20 69 1417
20 70 1136
20 71 1020
20 72 2594
20 73 821
20 74 576
20 75 99
20 76 2313
20 77 2362
20 78 1679
21 0 1381
21 1 1202
21 2 2323
21 3 2167
21 4 1679
21 5 1846
21 6 1602
21 7 699
21 8 191
21 9 2256
21 10 1384
21 11 2064
21 12 731
21 13 2142
21 14 535
21 15 1842
21 16 2951
21 17 1067
21 18 822
21 19 2522
21 20 940
21 21 0
21 22 607
21 23 1760
21 24 2419
21 25 699
21 26 267
21 27 2256
21 28 1971
21 29 1496
21 30 1531
21 31 1846
21 32 1679
21 33 2064
21 34 912
21 35 873
21 36 1058
21 37 2125
21 38 4063
21 39 2220
21 40 1602
21 41 1842
21 42 1459
21 43 2142
21 44 2184
21 45 2271
21 46 1039
21 47 1025
21 48 1214
21 49 2587
21 50 488
21 51 729
21 52 2419
21 53 625
21 54 1939
21 55 596
21 56 607
21 57 3623
21 58 418
21 59 2186
21 60 353
21 61 1245
21 62 789
21 63 1237
21 64 1518
21 65 1755
21 66 1841
21 67 1637
21 68 2011
21 69 2246
21 70 1142
21 71 1520
21 72 2664
21 73 641
21 74 1451
21 75 918
21 76 1544
21 77 1586
21 78 2554
22 0 888
22 1 743
22 2 1964
22 3 1682
22 4 1414
22 5 1472
22 6 1142
22 7 210
22 8 418
22 9 1985
22 10 1515
22 11 1523
22 12 750
22 13 1657
22 14 603
22 15 1571
22 16 2492
22 17 1132
22 18 654
22 19 1980
22 20 748
22 21 541
22 22 0
22 23 1825
22 24 1959
22 25 830
22 26 439
22 27 1985
22 28 1486
22 29 1037
22 30 1072
22 31 1472
22 32 1414
22 33 1523
22 34 925
22 35 1002
22 36 517
22 37 1640
22 38 3793
22 39 1678
22 40 1142
22 41 1571
22 42 924
22 43 1657
22 44 1724
22 45 1733
22 46 552
22 47 962
22 48 710
22 49 2316
22 50 693
22 51 751
22 52 1959
22 53 585
22 54 1669
22 55 1084
22 56 0
22 57 3352
22 58 300
22 59 1644
22 60 420
22 61 785
22 62 231
22 63 1257
22 64 1650
22 65 1734
22 66 1599
22 67 1366
22 68 1470
22 69 1786
22 70 1413
22 71 1060
22 72 2178
22 73 77
22 74 1186
22 75 676
22 76 1569
22 77 1651
22 78 2284
23 0 2680
23 1 2561
23 2 3782
23 3 3363
23 4 3234
23 5 3290
23 6 2960
23 7 1903
23 8 1661
23 9 3805
23 10 2993
23 11 3290
23 12 1439
23 13 3338
23 14 2144
23 15 3391
23 16 3677
23 17 2676
23 18 2431
23 19 3747
23 20 2549
23 21 1703
23 22 1850
23 23 0
23 24 3777
23 25 2308
23 26 1589
23 27 3805
23 28 3005
23 29 2855
23 30 2890
23 31 3290
23 32 3234
23 33 3290
23 34 1322
23 35 2482
23 36 2284
23 37 3321
23 38 5613
23 39 3446
23 40 2960
23 41 3391
23 42 2716
23 43 3338
23 44 3542
23 45 3467
23 46 2370
23 47 1412
23 48 2504
23 49 4136
23 50 2102
23 51 2338
23 52 3777
23 53 1551
23 54 3489
23 55 1886
23 56 1850
23 57 5172
23 58 1942
23 59 3412
23 60 1962
23 61 2603
23 62 2019
23 63 881
23 64 3127
23 65 3364
23 66 3419
23 67 3186
23 68 3237
23 69 3605
23 70 2736
23 71 2878
23 72 3804
23 73 1884
23 74 3006
23 75 2496
23 76 2027
23 77 173
23 78 4103
24 0 1179
24 1 1208
24 2 953
24 3 1547
24 4 1847
24 5 1038
24 6 856
24 7 1947
24 8 2303
24 9 1531
24 10 2603
24 11 1381
24 12 2597
24 13 1681
24 14 2166
24 15 1486
24 16 2485
24 17 2313
24 18 1837
24 19 1443
24 20 1905
24 21 2426
24 22 1969
24 23 3795
24 24 0
24 25 2274
24 26 2326
24 27 1531
24 28 1936
24 29 962
24 30 1058
24 31 1038
24 32 1847
24 33 1381
24 34 2772
24 35 2407
24 36 1698
24 37 1513
24 38 2991
24 39 1482
24 40 856
24 41 1486
24 42 1351
24 43 1681
24 44 786
24 45 1553
24 46 1540
24 47 2809
24 48 1355
24 49 1309
24 50 2297
24 51 2152
24 52 0
24 53 2555
24 54 1254
24 55 2789
24 56 1969
24 57 2696
24 58 2049
24 59 1005
24 60 2145
24 61 1213
24 62 1857
24 63 3108
24 64 2475
24 65 2192
24 66 2032
24 67 1693
24 68 1301
24 69 692
24 70 2940
24 71 947
24 72 2051
24 73 1937
24 74 1737
24 75 1811
24 76 3488
24 77 3621
24 78 1597
25 0 1289
25 1 1110
25 2 1857
25 3 2408
25 4 1054
25 5 1380
25 6 1509
25 7 1039
25 8 819
25 9 1790
25 10 714
25 11 2207
25 12 1364
25 13 2447
25 14 251
25 15 1376
25 16 3282
25 17 368
25 18 451
25 19 2664
25 20 507
25 21 751
25 22 853
25 23 2337
25 24 2311
25 25 0
25 26 888
25 27 1790
25 28 2276
25 29 1404
25 30 1426
25 31 1380
25 32 1054
25 33 2207
25 34 1534
25 35 184
25 36 1244
25 37 2376
25 38 3597
25 39 2363
25 40 1509
25 41 1376
25 42 1449
25 43 2447
25 44 1764
25 45 2417
25 46 973
25 47 1658
25 48 1175
25 49 2121
25 50 306
25 51 148
25 52 2311
25 53 1275
25 54 1474
25 55 846
25 56 853
25 57 3157
25 58 578
25 59 2329
25 60 499
25 61 1116
25 62 1069
25 63 1859
25 64 848
25 65 1094
25 66 1181
25 67 1171
25 68 2154
25 69 1827
25 70 687
25 71 1427
25 72 2969
25 73 915
25 74 949
25 75 568
25 76 2154
25 77 2164
25 78 2088
26 0 1312
26 1 1136
26 2 2357
26 3 2039
26 4 1797
26 5 1865
26 6 1535
26 7 579
26 8 118
26 9 2369
26 10 1521
26 11 1954
26 12 499
26 13 2014
26 14 666
26 15 1954
26 16 2823
26 17 1204
26 18 914
26 19 2411
26 20 1032
26 21 267
26 22 496
26 23 1573
26 24 2352
26 25 836
26 26 0
26 27 2369
26 28 1842
26 29 1430
26 30 1465
26 31 1865
26 32 1797
26 33 1954
26 34 679
26 35 1010
26 36 948
26 37 1997
26 38 4176
26 39 2109
26 40 1535
26 41 1954
26 42 1349
26 43 2014
26 44 2117
26 45 2143
26 46 945
26 47 793
26 48 1119
26 49 2700
26 50 636
26 51 857
26 52 2352
26 53 457
26 54 2052
26 55 741
26 56 496
26 57 3735
26 58 400
26 59 2076
26 60 472
26 61 1178
26 62 677
26 63 1005
26 64 1655
26 65 1883
26 66 1970
26 67 1749
26 68 1901
26 69 2180
26 70 1318
26 71 1453
26 72 2535
26 73 530
26 74 1569
26 75 991
26 76 1317
26 77 1399
26 78 2667
27 0 1498
27 1 1476
27 2 596
27 3 2568
27 4 930
27 5 886
27 6 1297
27 7 2155
27 8 2283
27 9 0
27 10 1687
27 11 2402
27 12 2730
27 13 2702
27 14 1795
27 15 494
27 16 3506
27 17 1580
27 18 1500
27 19 2463
27 20 1380
27 21 2313
27 22 1979
27 23 3804
27 24 1522
27 25 1822
27 26 2315
27 27 0
27 28 2900
27 29 1374
27 30 1176
27 31 886
27 32 930
27 33 2402
27 34 2905
27 35 1770
27 36 2003
27 37 2533
27 38 1904
27 39 2502
27 40 1297
27 41 494
27 42 1720
27 43 2702
27 44 850
27 45 2574
27 46 1739
27 47 2941
27 48 1635
27 49 407
27 50 1926
27 51 1730
27 52 1522
27 53 2565
27 54 506
27 55 2421
27 56 1979
27 57 1464
27 58 1957
27 59 2037
27 60 1957
27 61 1481
27 62 2112
27 63 3236
27 64 1559
27 65 1167
27 66 1003
27 67 842
27 68 2321
27 69 871
27 70 2247
27 71 1370
27 72 3072
27 73 2057
27 74 1090
27 75 1401
27 76 3549
27 77 3631
27 78 348
28 0 1442
28 1 1595
28 2 2565
28 3 531
28 4 2744
28 5 2129
28 6 1694
28 7 1457
28 8 1897
28 9 2900
28 10 3059
28 11 601
28 12 1710
28 13 445
28 14 2152
28 15 2642
28 16 1132
28 17 2643
28 18 2100
28 19 1060
28 20 2195
28 21 2062
28 22 1615
28 23 3007
28 24 2044
28 25 2363
28 26 1905
28 27 2900
28 28 0
28 29 1595
28 30 1740
28 31 2129
28 32 2744
28 33 601
28 34 1725
28 35 2535
28 36 1184
28 37 489
28 38 4714
28 39 680
28 40 1694
28 41 2642
28 42 1181
28 43 445
28 44 2325
28 45 635
28 46 1624
28 47 1741
28 48 1470
28 49 2982
28 50 2273
28 51 2284
28 52 2044
28 53 1865
28 54 2480
28 55 2603
28 56 1615
28 57 4273
28 58 1882
28 59 1082
28 60 2001
28 61 1638
28 62 1469
28 63 2127
28 64 3074
28 65 3074
28 66 2929
28 67 2618
28 68 715
28 69 2357
28 70 2961
28 71 1617
28 72 955
28 73 1600
28 74 2516
28 75 2109
28 76 2578
28 77 2834
28 78 3152
29 0 217
29 1 297
29 2 976
29 3 1392
29 4 1409
29 5 541
29 6 105
29 7 998
29 8 1393
29 9 1363
29 10 1953
29 11 1191
29 12 1649
29 13 1529
29 14 1255
29 15 1105
29 16 2333
29 17 1443
29 18 926
29 19 1608
29 20 995
29 21 1516
29 22 1059
29 23 2867
29 24 962
29 25 1364
29 26 1415
29 27 1363
29 28 1597
29 29 0
29 30 236
29 31 541
29 32 1409
29 33 1191
29 34 1824
29 35 1497
29 36 736
29 37 1361
29 38 3125
29 39 1347
29 40 105
29 41 1105
29 42 416
29 43 1529
29 44 736
29 45 1401
29 46 629
29 47 1861
29 48 393
29 49 1393
29 50 1386
29 51 1241
29 52 962
29 53 1628
29 54 943
29 55 1879
29 56 1059
29 57 2684
29 58 1139
29 59 1182
29 60 1234
29 61 302
29 62 895
29 63 2160
29 64 1860
29 65 1754
29 66 1594
29 67 1081
29 68 1138
29 69 798
29 70 2029
29 71 23
29 72 1956
29 73 1009
29 74 1109
29 75 900
29 76 2540
29 77 2694
29 78 1563
30 0 323
30 1 300
30 2 951
30 3 1520
30 4 1220
30 5 432
30 6 260
30 7 1038
30 8 1395
30 9 1190
30 10 1809
30 11 1319
30 12 1689
30 13 1657
30 14 1258
30 15 932
30 16 2460
30 17 1433
30 18 929
30 19 1719
30 20 997
30 21 1518
30 22 1061
30 23 2886
30 24 1058
30 25 1366
30 26 1418
30 27 1190
30 28 1725
30 29 241
30 30 0
30 31 432
30 32 1220
30 33 1319
30 34 1864
30 35 1499
30 36 826
30 37 1488
30 38 3046
30 39 1474
30 40 260
30 41 932
30 42 543
30 43 1657
30 44 711
30 45 1529
30 46 631
30 47 1900
30 48 459
30 49 1368
30 50 1389
30 51 1244
30 52 1058
30 53 1647
30 54 770
30 55 1881
30 56 1061
30 57 2605
30 58 1141
30 59 1293
30 60 1237
30 61 305
30 62 973
30 63 2199
30 64 1671
30 65 1565
30 66 1406
30 67 908
30 68 1266
30 69 773
30 70 2031
30 71 258
30 72 2083
30 73 1029
30 74 920
30 75 902
30 76 2580
30 77 2713
30 78 1484
31 0 727
31 1 720
31 2 641
31 3 1822
31 4 981
31 5 0
31 6 436
31 7 1455
31 8 1812
31 9 886
31 10 1637
31 11 1656
31 12 2106
31 13 1956
31 14 1393
31 15 629
31 16 2759
31 17 1281
31 18 1099
31 19 1717
31 20 979
31 21 1911
31 22 1478
31 23 3303
31 24 954
31 25 1420
31 26 1835
31 27 886
31 28 2129
31 29 541
31 30 420
31 31 0
31 32 981
31 33 1656
31 34 2281
31 35 1403
31 36 1246
31 37 1787
31 38 2742
31 39 1756
31 40 436
31 41 629
31 42 950
31 43 1956
31 44 402
31 45 1828
31 46 1048
31 47 2317
31 48 879
31 49 1058
31 50 1524
31 51 1328
31 52 954
31 53 2064
31 54 467
31 55 2019
31 56 1478
31 57 2302
31 58 1555
31 59 1291
31 60 1555
31 61 725
31 62 1393
31 63 2616
31 64 1499
31 65 1326
31 66 1166
31 67 674
31 68 1575
31 69 464
31 70 2015
31 71 527
31 72 2325
31 73 1446
31 74 704
31 75 998
31 76 2997
31 77 3130
31 78 1180
32 0 1456
32 1 1265
32 2 1169
32 3 2588
32 4 0
32 5 979
32 6 1393
32 7 1593
32 8 1713
32 9 945
32 10 818
32 11 2387
32 12 2160
32 13 2725
32 14 1202
32 15 511
32 16 3529
32 17 725
32 18 922
32 19 2617
32 20 803
32 21 1733
32 22 1409
32 23 3235
32 24 1854
32 25 1083
32 26 1745
32 27 945
32 28 2646
32 29 1410
32 30 1211
32 31 979
32 32 0
32 33 2387
32 34 2335
32 35 915
32 36 1623
32 37 2557
32 38 2752
32 39 2543
32 40 1393
32 41 511
32 42 1647
32 43 2725
32 44 1136
32 45 2597
32 46 1178
32 47 2371
32 48 1380
32 49 1304
32 50 1306
32 51 1056
32 52 1854
32 53 1995
32 54 749
32 55 1828
32 56 1409
32 57 2312
32 58 1387
32 59 2191
32 60 1379
32 61 1270
32 62 1550
32 63 2667
32 64 690
32 65 345
32 66 185
32 67 375
32 68 2334
32 69 1198
32 70 1378
32 71 1427
32 72 3152
32 73 1487
32 74 352
32 75 831
32 76 2979
32 77 3061
32 78 1243
33 0 1067
33 1 1220
33 2 2022
33 3 212
33 4 2415
33 5 1754
33 6 1319
33 7 1511
33 8 1999
33 9 2443
33 10 2839
33 11 0
33 12 2144
33 13 368
33 14 2036
33 15 2255
33 16 1172
33 17 2329
33 18 1813
33 19 515
33 20 1881
33 21 2122
33 22 1599
33 23 3378
33 24 1476
33 25 2224
33 26 2021
33 27 2443
33 28 601
33 29 1220
33 30 1365
33 31 1754
33 32 2415
33 33 0
33 34 2252
33 35 2383
33 36 1109
33 37 186
33 38 4176
33 39 186
33 40 1319
33 41 2255
33 42 806
33 43 368
33 44 1784
33 45 241
33 46 1365
33 47 2268
33 48 1095
33 49 2444
33 50 2183
33 51 2095
33 52 1476
33 53 2129
33 54 2014
33 55 2616
33 56 1599
33 57 3735
33 58 1817
33 59 514
33 60 1936
33 61 1263
33 62 1426
33 63 2654
33 64 2746
33 65 2745
33 66 2600
33 67 2243
33 68 147
33 69 1789
33 70 2890
33 71 1242
33 72 795
33 73 1543
33 74 2187
33 75 1786
33 76 3035
33 77 3204
33 78 2614
34 0 1599
34 1 1526
34 2 2748
34 3 2176
34 4 2296
34 5 2255
34 6 1879
34 7 852
34 8 734
34 9 2868
34 10 2137
34 11 2209
34 12 174
34 13 2123
34 14 1282
34 15 2454
34 16 2386
34 17 1820
34 18 1529
34 19 2666
34 20 1631
34 21 883
34 22 913
34 23 1321
34 24 2736
34 25 1452
34 26 662
34 27 2868
34 28 1714
34 29 1774
34 30 1855
34 31 2255
34 32 2296
34 33 2209
34 34 0
34 35 1626
34 36 1203
34 37 2134
34 38 4675
34 39 2325
34 40 1879
34 41 2454
34 42 1635
34 43 2123
34 44 2508
34 45 2280
34 46 1335
34 47 165
34 48 1423
34 49 3164
34 50 1252
34 51 1473
34 52 2736
34 53 335
34 54 2552
34 55 1086
34 56 913
34 57 4235
34 58 1016
34 59 2331
34 60 1088
34 61 1569
34 62 957
34 63 440
34 64 2271
34 65 2499
34 66 2482
34 67 2249
34 68 2156
34 69 2570
34 70 1934
34 71 1797
34 72 2514
34 73 943
34 74 2069
34 75 1559
34 76 873
34 77 1147
34 78 3166
35 0 1398
35 1 1208
35 2 1870
35 3 2531
35 4 917
35 5 1393
35 6 1602
35 7 1195
35 8 947
35 9 1777
35 10 602
35 11 2330
35 12 1492
35 13 2604
35 14 408
35 15 1340
35 16 3438
35 17 231
35 18 583
35 19 2787
35 20 531
35 21 879
35 22 1009
35 23 2466
35 24 2324
35 25 213
35 26 1017
35 27 1777
35 28 2432
35 29 1497
35 30 1486
35 31 1393
35 32 917
35 33 2330
35 34 1663
35 35 0
35 36 1400
35 37 2499
35 38 3584
35 39 2485
35 40 1602
35 41 1340
35 42 1590
35 43 2604
35 44 1777
35 45 2540
35 46 1120
35 47 1787
35 48 1323
35 49 2118
35 50 413
35 51 300
35 52 2324
35 53 1403
35 54 1487
35 55 974
35 56 1009
35 57 3143
35 58 734
35 59 2447
35 60 628
35 61 1205
35 62 1225
35 63 1987
35 64 736
35 65 958
35 66 1045
35 67 1072
35 68 2276
35 69 1840
35 70 653
35 71 1521
35 72 3094
35 73 1071
35 74 812
35 75 599
35 76 2282
35 77 2292
35 78 2075
36 0 569
36 1 618
36 2 1720
36 3 1235
36 4 1652
36 5 1250
36 6 849
36 7 402
36 8 905
36 9 2007
36 10 1936
36 11 1034
36 12 1036
36 13 1260
36 14 1029
36 15 1750
36 16 2094
36 17 1520
36 18 977
36 19 1491
36 20 1072
36 21 1028
36 22 489
36 23 2269
36 24 1706
36 25 1240
36 26 923
36 27 2007
36 28 1088
36 29 743
36 30 847
36 31 1250
36 32 1652
36 33 1034
36 34 1210
36 35 1412
36 36 0
36 37 1203
36 38 3863
36 39 1189
36 40 849
36 41 1750
36 42 476
36 43 1260
36 44 1480
36 45 1244
36 46 533
36 47 1247
36 48 402
36 49 2137
36 50 1129
36 51 1161
36 52 1706
36 53 1021
36 54 1588
36 55 1537
36 56 489
36 57 3423
36 58 736
36 59 1156
36 60 856
36 61 661
36 62 317
36 63 1546
36 64 1983
36 65 1982
36 66 1837
36 67 1592
36 68 981
36 69 1542
36 70 1861
36 71 767
36 72 1781
36 73 434
36 74 1425
36 75 986
36 76 1927
36 77 2096
36 78 2301
37 0 1212
37 1 1365
37 2 2167
37 3 148
37 4 2560
37 5 1899
37 6 1463
37 7 1515
37 8 1988
37 9 2588
37 10 2984
37 11 186
37 12 2094
37 13 237
37 14 2180
37 15 2400
37 16 1041
37 17 2474
37 18 1957
37 19 571
37 20 2026
37 21 2153
37 22 1706
37 23 3328
37 24 1621
37 25 2369
37 26 1996
37 27 2588
37 28 489
37 29 1365
37 30 1510
37 31 1899
37 32 2560
37 33 186
37 34 2140
37 35 2528
37 36 1237
37 37 0
37 38 4320
37 39 191
37 40 1463
37 41 2400
37 42 951
37 43 237
37 44 1929
37 45 150
37 46 1509
37 47 2156
37 48 1239
37 49 2589
37 50 2328
37 51 2239
37 52 1621
37 53 2079
37 54 2159
37 55 2694
37 56 1706
37 57 3880
37 58 1962
37 59 659
37 60 2081
37 61 1408
37 62 1534
37 63 2542
37 64 2891
37 65 2890
37 66 2745
37 67 2387
37 68 291
37 69 1934
37 70 3035
37 71 1386
37 72 664
37 73 1672
37 74 2332
37 75 1931
37 76 2924
37 77 3154
37 78 2759
38 0 3359
38 1 3339
38 2 2277
38 3 4307
38 4 2739
38 5 2750
38 6 3036
38 7 3964
38 8 4092
38 9 1910
38 10 3495
38 11 4141
38 12 4539
38 13 4441
38 14 3604
38 15 2302
38 16 5245
38 17 3388
38 18 3309
38 19 4203
38 20 3189
38 21 4122
38 22 3788
38 23 5614
38 24 3012
38 25 3631
38 26 4124
38 27 1910
38 28 4696
38 29 3141
38 30 3039
38 31 2750
38 32 2739
38 33 4141
38 34 4714
38 35 3579
38 36 3866
38 37 4273
38 38 0
38 39 4242
38 40 3036
38 41 2302
38 42 3550
38 43 4441
38 44 2531
38 45 4313
38 46 3548
38 47 4750
38 48 3499
38 49 1947
38 50 3735
38 51 3539
38 52 3012
38 53 4374
38 54 2369
38 55 4230
38 56 3788
38 57 566
38 58 3766
38 59 3777
38 60 3766
38 61 3344
38 62 3921
38 63 5046
38 64 3262
38 65 2917
38 66 2812
38 67 2651
38 68 4061
38 69 2552
38 70 4055
38 71 3127
38 72 4811
38 73 3866
38 74 2899
38 75 3210
38 76 5358
38 77 5440
38 78 1566
39 0 1198
39 1 1351
39 2 2127
39 3 291
39 4 2546
39 5 1877
39 6 1449
39 7 1641
39 8 2130
39 9 2549
39 10 2970
39 11 186
39 12 2275
39 13 309
39 14 2166
39 15 2361
39 16 1113
39 17 2460
39 18 1943
39 19 379
39 20 2012
39 21 2253
39 22 1729
39 23 3509
39 24 1593
39 25 2355
39 26 2152
39 27 2549
39 28 672
39 29 1351
39 30 1496
39 31 1877
39 32 2546
39 33 186
39 34 2323
39 35 2514
39 36 1239
39 37 191
39 38 4281
39 39 0
39 40 1449
39 41 2361
39 42 936
39 43 309
39 44 1890
39 45 88
39 46 1495
39 47 2340
39 48 1225
39 49 2549
39 50 2314
39 51 2225
39 52 1593
39 53 2260
39 54 2120
39 55 2747
39 56 1729
39 57 3840
39 58 1947
39 59 622
39 60 2067
39 61 1394
39 62 1556
39 63 2726
39 64 2877
39 65 2876
39 66 2731
39 67 2373
39 68 263
39 69 1894
39 70 3021
39 71 1372
39 72 670
39 73 1674
39 74 2318
39 75 1917
39 76 3108
39 77 3335
39 78 2719
40 0 322
40 1 392
40 2 871
40 3 1490
40 4 1393
40 5 436
40 6 0
40 7 1104
40 8 1487
40 9 1287
40 10 1992
40 11 1289
40 12 1754
40 13 1627
40 14 1350
40 15 1058
40 16 2430
40 17 1537
40 18 1020
40 19 1503
40 20 1089
40 21 1610
40 22 1153
40 23 2972
40 24 857
40 25 1458
40 26 1509
40 27 1287
40 28 1695
40 29 105
40 30 260
40 31 436
40 32 1393
40 33 1289
40 34 1929
40 35 1591
40 36 841
40 37 1458
40 38 3020
40 39 1444
40 40 0
40 41 1058
40 42 513
40 43 1627
40 44 631
40 45 1499
40 46 723
40 47 1966
40 48 498
40 49 1288
40 50 1481
40 51 1335
40 52 857
40 53 1733
40 54 859
40 55 1973
40 56 1153
40 57 2579
40 58 1233
40 59 1077
40 60 1329
40 61 396
40 62 1000
40 63 2265
40 64 1855
40 65 1738
40 66 1578
40 67 1062
40 68 1236
40 69 693
40 70 2123
40 71 90
40 72 2053
40 73 1114
40 74 1093
40 75 994
40 76 2645
40 77 2799
40 78 1458
41 0 1214
41 1 1192
41 2 718
41 3 2346
41 4 495
41 5 603
41 6 1032
41 7 1706
41 8 1834
41 9 512
41 10 1252
41 11 2180
41 12 2281
41 13 2480
41 14 1347
41 15 0
41 16 3283
41 17 1145
41 18 1052
41 19 2241
41 20 932
41 21 1864
41 22 1531
41 23 3356
41 24 1478
41 25 1373
41 26 1867
41 27 512
41 28 2616
41 29 1090
41 30 892
41 31 603
41 32 495
41 33 2180
41 34 2456
41 35 1335
41 36 1719
41 37 2311
41 38 2319
41 39 2280
41 40 1032
41 41 0
41 42 1436
41 43 2480
41 44 759
41 45 2352
41 46 1291
41 47 2493
41 48 1352
41 49 853
41 50 1478
41 51 1282
41 52 1478
41 53 2117
41 54 325
41 55 1972
41 56 1531
41 57 1878
41 58 1508
41 59 1815
41 60 1508
41 61 1197
41 62 1663
41 63 2788
41 64 1124
41 65 840
41 66 680
41 67 393
41 68 2099
41 69 822
41 70 1812
41 71 1086
41 72 2850
41 73 1608
41 74 641
41 75 952
41 76 3100
41 77 3182
41 78 810
42 0 285
42 1 438
42 2 1386
42 3 997
42 4 1633
42 5 951
42 6 514
42 7 827
42 8 1316
42 9 1720
42 10 2056
42 11 796
42 12 1461
42 13 1133
42 14 1291
42 15 1463
42 16 1937
42 17 1547
42 18 1030
42 19 1253
42 20 1098
42 21 1439
42 22 915
42 23 2695
42 24 1349
42 25 1428
42 26 1337
42 27 1720
42 28 1201
42 29 416
42 30 560
42 31 951
42 32 1633
42 33 796
42 34 1636
42 35 1592
42 36 425
42 37 965
42 38 3534
42 39 951
42 40 514
42 41 1463
42 42 0
42 43 1133
42 44 1146
42 45 1006
42 46 570
42 47 1673
42 48 300
42 49 1802
42 50 1438
42 51 1299
42 52 1349
42 53 1446
42 54 1301
42 55 1874
42 56 915
42 57 3094
42 58 1078
42 59 915
42 60 1201
42 61 480
42 62 742
42 63 1972
42 64 1963
42 65 1962
42 66 1818
42 67 1438
42 68 742
42 69 1208
42 70 2095
42 71 437
42 72 1560
42 73 860
42 74 1405
42 75 1004
42 76 2352
42 77 2521
42 78 1972
43 0 1381
43 1 1534
43 2 2336
43 3 350
43 4 2729
43 5 2068
43 6 1633
43 7 1541
43 8 2014
43 9 2757
43 10 3138
43 11 369
43 12 2108
43 13 0
43 14 2232
43 15 2569
43 16 863
43 17 2643
43 18 2127
43 19 688
43 20 2195
43 21 2179
43 22 1733
43 23 3354
43 24 1791
43 25 2442
43 26 2022
43 27 2757
43 28 445
43 29 1534
43 30 1679
43 31 2068
43 32 2729
43 33 369
43 34 2123
43 35 2614
43 36 1263
43 37 239
43 38 4490
43 39 308
43 40 1633
43 41 2569
43 42 1120
43 43 0
43 44 2099
43 45 244
43 46 1679
43 47 2139
43 48 1409
43 49 2758
43 50 2379
43 51 2364
43 52 1791
43 53 2106
43 54 2329
43 55 2721
43 56 1733
43 57 4049
43 58 1999
43 59 828
43 60 2119
43 61 1577
43 62 1560
43 63 2525
43 64 3060
43 65 3059
43 66 2915
43 67 2557
43 68 461
43 69 2103
43 70 3079
43 71 1556
43 72 595
43 73 1698
43 74 2502
43 75 2100
43 76 2951
43 77 3181
43 78 2928
44 0 955
44 1 971
44 2 254
44 3 1899
44 4 1125
44 5 391
44 6 632
44 7 1710
44 8 2066
44 9 850
44 10 1881
44 11 1733
44 12 2360
44 13 2033
44 14 1769
44 15 760
44 16 2837
44 17 1643
44 18 1475
44 19 1795
44 20 1355
44 21 2189
44 22 1732
44 23 3558
44 24 786
44 25 1796
44 26 2089
44 27 850
44 28 2288
44 29 737
44 30 698
44 31 391
44 32 1125
44 33 1733
44 34 2535
44 35 1779
44 36 1473
44 37 1865
44 38 2524
44 39 1834
44 40 632
44 41 760
44 42 1146
44 43 2033
44 44 0
44 45 1905
44 46 1303
44 47 2572
44 48 1127
44 49 725
44 50 1900
44 51 1704
44 52 786
44 53 2318
44 54 532
44 55 2395
44 56 1732
44 57 2083
44 58 1812
44 59 1369
44 60 1908
44 61 976
44 62 1633
44 63 2871
44 64 1753
44 65 1470
44 66 1310
44 67 971
44 68 1653
44 69 101
44 70 2391
44 71 723
44 72 2403
44 73 1700
44 74 1067
44 75 1374
44 76 3251
44 77 3384
44 78 962
45 0 1251
45 1 1403
45 2 2205
45 3 294
45 4 2599
45 5 1937
45 6 1502
45 7 1647
45 8 2121
45 9 2627
45 10 3022
45 11 238
45 12 2227
45 13 245
45 14 2219
45 15 2439
45 16 1049
45 17 2513
45 18 1996
45 19 467
45 20 2064
45 21 2285
45 22 1782
45 23 3460
45 24 1660
45 25 2407
45 26 2128
45 27 2627
45 28 621
45 29 1403
45 30 1548
45 31 1937
45 32 2599
45 33 238
45 34 2272
45 35 2566
45 36 1292
45 37 153
45 38 4359
45 39 88
45 40 1502
45 41 2439
45 42 989
45 43 245
45 44 1968
45 45 0
45 46 1548
45 47 2289
45 48 1278
45 49 2627
45 50 2366
45 51 2278
45 52 1660
45 53 2212
45 54 2198
45 55 2799
45 56 1782
45 57 3918
45 58 2000
45 59 697
45 60 2119
45 61 1446
45 62 1609
45 63 2674
45 64 2929
45 65 2928
45 66 2784
45 67 2426
45 68 330
45 69 1972
45 70 3073
45 71 1425
45 72 609
45 73 1727
45 74 2371
45 75 1970
45 76 3057
45 77 3287
45 78 2797
46 0 415
46 1 253
46 2 1474
46 3 1473
46 4 1219
46 5 982
46 6 652
46 7 533
46 8 916
46 9 1736
46 10 1643
46 11 1272
46 12 1183
46 13 1610
46 14 837
46 15 1363
46 16 2414
46 17 1133
46 18 600
46 19 1729
46 20 684
46 21 1039
46 22 565
46 23 2382
46 24 1470
46 25 975
46 26 939
46 27 1736
46 28 1484
46 29 547
46 30 582
46 31 982
46 32 1219
46 33 1272
46 34 1358
46 35 1139
46 36 460
46 37 1441
46 38 3585
46 39 1427
46 40 652
46 41 1363
46 42 519
46 43 1610
46 44 1234
46 45 1482
46 46 0
46 47 1395
46 48 218
46 49 1891
46 50 985
46 51 845
46 52 1470
46 53 1143
46 54 1316
46 55 1449
46 56 565
46 57 3144
46 58 663
46 59 1394
46 60 785
46 61 296
46 62 478
46 63 1694
46 64 1549
46 65 1549
46 66 1404
46 67 1158
46 68 1219
46 69 1297
46 70 1642
46 71 570
46 72 2036
46 73 524
46 74 991
46 75 590
46 76 2074
46 77 2208
46 78 2030
47 0 1662
47 1 1589
47 2 2811
47 3 2196
47 4 2395
47 5 2318
47 6 1942
47 7 915
47 8 885
47 9 2966
47 10 2287
47 11 2266
47 12 330
47 13 2144
47 14 1433
47 15 2552
47 16 2407
47 17 1971
47 18 1634
47 19 2725
47 20 1729
47 21 1033
47 22 1011
47 23 1418
47 24 2799
47 25 1603
47 26 813
47 27 2966
47 28 1734
47 29 1836
47 30 1918
47 31 2318
47 32 2395
47 33 2266
47 34 165
47 35 1777
47 36 1266
47 37 2154
47 38 4774
47 39 2345
47 40 1942
47 41 2552
47 42 1698
47 43 2144
47 44 2571
47 45 2300
47 46 1398
47 47 0
47 48 1485
47 49 3227
47 50 1403
47 51 1624
47 52 2799
47 53 486
47 54 2650
47 55 1252
47 56 1011
47 57 4333
47 58 1167
47 59 2394
47 60 1239
47 61 1632
47 62 1020
47 63 538
47 64 2422
47 65 2650
47 66 2580
47 67 2347
47 68 2219
47 69 2633
47 70 2085
47 71 1860
47 72 2534
47 73 1006
47 74 2167
47 75 1657
47 76 1010
47 77 1245
47 78 3264
48 0 212
48 1 282
48 2 1361
48 3 1255
48 4 1389
48 5 872
48 6 490
48 7 641
48 8 1087
48 9 1630
48 10 1813
48 11 1054
48 12 1291
48 13 1391
48 14 1008
48 15 1372
48 16 2195
48 17 1303
48 18 771
48 19 1511
48 20 855
48 21 1210
48 22 707
48 23 2509
48 24 1347
48 25 1145
48 26 1110
48 27 1630
48 28 1415
48 29 385
48 30 470
48 31 872
48 32 1389
48 33 1054
48 34 1466
48 35 1309
48 36 391
48 37 1223
48 38 3486
48 39 1209
48 40 490
48 41 1372
48 42 300
48 43 1391
48 44 1121
48 45 1264
48 46 270
48 47 1503
48 48 0
48 49 1778
48 50 1155
48 51 1016
48 52 1347
48 53 1270
48 54 1210
48 55 1620
48 56 707
48 57 3045
48 58 833
48 59 1176
48 60 956
48 61 324
48 62 538
48 63 1802
48 64 1720
48 65 1719
48 66 1575
48 67 1329
48 68 1000
48 69 1184
48 70 1813
48 71 408
48 72 1818
48 73 651
48 74 1161
48 75 760
48 76 2182
48 77 2336
48 78 1924
49 0 1620
49 1 1636
49 2 471
49 3 2568
49 4 1272
49 5 1056
49 6 1297
49 7 2375
49 8 2609
49 9 407
49 10 2029
49 11 2402
49 12 3025
49 13 2702
49 14 2122
49 15 832
49 16 3506
49 17 1922
49 18 1827
49 19 2464
49 20 1707
49 21 2639
49 22 2306
49 23 4131
49 24 1309
49 25 2148
49 26 2642
49 27 407
49 28 2957
49 29 1402
49 30 1364
49 31 1056
49 32 1272
49 33 2402
49 34 3200
49 35 2112
49 36 2138
49 37 2534
49 38 1880
49 39 2503
49 40 1297
49 41 832
49 42 1811
49 43 2702
49 44 725
49 45 2574
49 46 1968
49 47 3237
49 48 1792
49 49 0
49 50 2253
49 51 2057
49 52 1309
49 53 2892
49 54 706
49 55 2747
49 56 2306
49 57 1439
49 58 2283
49 59 2038
49 60 2283
49 61 1641
49 62 2298
49 63 3536
49 64 1901
49 65 1553
49 66 1389
49 67 1168
49 68 2322
49 69 746
49 70 2589
49 71 1388
49 72 3072
49 73 2365
49 74 1416
49 75 1727
49 76 3875
49 77 3957
49 78 411
50 0 1272
50 1 1093
50 2 1996
50 3 2311
50 4 1318
50 5 1518
50 6 1492
50 7 858
50 8 552
50 9 1928
50 10 948
50 11 2110
50 12 1097
50 13 2337
50 14 149
50 15 1514
50 16 3169
50 17 631
50 18 510
50 19 2567
50 20 612
50 21 467
50 22 695
50 23 2067
50 24 2310
50 25 263
50 26 621
50 27 1928
50 28 2165
50 29 1387
50 30 1422
50 31 1518
50 32 1318
50 33 2110
50 34 1264
50 35 430
50 36 1118
50 37 2280
50 38 3736
50 39 2266
50 40 1492
50 41 1514
50 42 1431
50 43 2337
50 44 1903
50 45 2320
50 46 955
50 47 1391
50 48 1158
50 49 2259
50 50 0
50 51 297
50 52 2310
50 53 1008
50 54 1612
50 55 562
50 56 695
50 57 3295
50 58 419
50 59 2232
50 60 287
50 61 1136
50 62 911
50 63 1589
50 64 1082
50 65 1358
50 66 1445
50 67 1309
50 68 2057
50 69 1965
50 70 785
50 71 1411
50 72 2858
50 73 757
50 74 1123
50 75 628
50 76 1884
50 77 1894
50 78 2227
51 0 1147
51 1 967
51 2 1798
51 3 2265
51 4 1063
51 5 1321
51 6 1366
51 7 963
51 8 793
51 9 1731
51 10 831
51 11 2064
51 12 1338
51 13 2371
51 14 197
51 15 1317
51 16 3206
51 17 421
51 18 315
51 19 2521
51 20 415
51 21 728
51 22 777
51 23 2314
51 24 2184
51 25 133
51 26 863
51 27 1731
51 28 2200
51 29 1261
51 30 1290
51 31 1321
51 32 1063
51 33 2064
51 34 1511
51 35 301
51 36 1168
51 37 2234
51 38 3539
51 39 2220
51 40 1366
51 41 1317
51 42 1306
51 43 2371
51 44 1706
51 45 2274
51 46 830
51 47 1633
51 48 1032
51 49 2062
51 50 281
51 51 0
51 52 2184
51 53 1249
51 54 1415
51 55 823
51 56 777
51 57 3098
51 58 509
51 59 2186
51 60 445
51 61 979
51 62 993
51 63 1836
51 64 965
51 65 1104
51 66 1191
51 67 1112
51 68 2011
51 69 1768
51 70 804
51 71 1285
51 72 2829
51 73 839
51 74 926
51 75 432
51 76 2131
51 77 2141
51 78 2029
52 0 1179
52 1 1208
52 2 953
52 3 1547
52 4 1847
52 5 1038
52 6 856
52 7 1947
52 8 2303
52 9 1531
52 10 2603
52 11 1381
52 12 2597
52 13 1681
52 14 2166
52 15 1486
52 16 2485
52 17 2313
52 18 1837
52 19 1443
52 20 1905
52 21 2426
52 22 1969
52 23 3795
52 24 0
52 25 2274
52 26 2326
52 27 1531
52 28 1936
52 29 962
52 30 1058
52 31 1038
52 32 1847
52 33 1381
52 34 2772
52 35 2407
52 36 1698
52 37 1513
52 38 2991
52 39 1482
52 40 856
52 41 1486
52 42 1351
52 43 1681
52 44 786
52 45 1553
52 46 1540
52 47 2809
52 48 1355
52 49 1309
52 50 2297
52 51 2152
52 52 0
52 53 2555
52 54 1254
52 55 2789
52 56 1969
52 57 2696
52 58 2049
52 59 1005
52 60 2145
52 61 1213
52 62 1857
52 63 3108
52 64 2475
52 65 2192
52 66 2032
52 67 1693
52 68 1301
52 69 692
52 70 2940
52 71 947
52 72 2051
52 73 1937
52 74 1737
52 75 1811
52 76 3488
52 77 3621
52 78 1597
53 0 1427
53 1 1308
53 2 2530
53 3 2110
53 4 1981
53 5 2037
53 6 1707
53 7 651
53 8 475
53 9 2552
53 10 1889
53 11 2038
53 12 188
53 13 2085
53 14 1034
53 15 2138
53 16 2538
53 17 1572
53 18 1221
53 19 2495
53 20 1315
53 21 625
53 22 598
53 23 1574
53 24 2525
53 25 1204
53 26 471
53 27 2552
53 28 1866
53 29 1602
53 30 1637
53 31 2037
53 32 1981
53 33 2038
53 34 369
53 35 1378
53 36 1031
53 37 2068
53 38 4360
53 39 2193
53 40 1707
53 41 2138
53 42 1464
53 43 2085
53 44 2289
53 45 2214
53 46 1117
53 47 482
53 48 1251
53 49 2883
53 50 1004
53 51 1225
53 52 2525
53 53 0
53 54 2236
53 55 1063
53 56 598
53 57 3919
53 58 768
53 59 2160
53 60 840
53 61 1351
53 62 766
53 63 694
53 64 2023
53 65 2251
53 66 2166
53 67 1933
53 68 1984
53 69 2352
53 70 1686
53 71 1626
53 72 2607
53 73 632
53 74 1753
53 75 1243
53 76 1107
53 77 1401
53 78 2851
54 0 1079
54 1 1057
54 2 527
54 3 2122
54 4 750
54 5 467
54 6 834
54 7 1792
54 8 1978
54 9 506
54 10 1506
54 11 1956
54 12 2425
54 13 2255
54 14 1490
54 15 288
54 16 3059
54 17 1371
54 18 1196
54 19 2017
54 20 1076
54 21 2008
54 22 1674
54 23 3500
54 24 1253
54 25 1518
54 26 2011
54 27 506
54 28 2481
54 29 939
54 30 757
54 31 467
54 32 750
54 33 1956
54 34 2600
54 35 1500
54 36 1583
54 37 2087
54 38 2362
54 39 2056
54 40 834
54 41 288
54 42 1300
54 43 2255
54 44 535
54 45 2128
54 46 1385
54 47 2637
54 48 1216
54 49 706
54 50 1621
54 51 1426
54 52 1253
54 53 2261
54 54 0
54 55 2116
54 56 1674
54 57 1922
54 58 1652
54 59 1591
54 60 1652
54 61 1062
54 62 1730
54 63 2932
54 64 1378
54 65 1095
54 66 935
54 67 566
54 68 1875
54 69 598
54 70 2065
54 71 925
54 72 2625
54 73 1752
54 74 795
54 75 1096
54 76 3244
54 77 3326
54 78 801
55 0 1734
55 1 1555
55 2 2511
55 3 2718
55 4 1837
55 5 2033
55 6 1954
55 7 1248
55 8 761
55 9 2443
55 10 1467
55 11 2517
55 12 1066
55 13 2700
55 14 649
55 15 2029
55 16 3360
55 17 1151
55 18 1025
55 19 2974
55 20 1127
55 21 596
55 22 1088
55 23 1864
55 24 2772
55 25 782
55 26 757
55 27 2443
55 28 2529
55 29 1849
55 30 1884
55 31 2033
55 32 1837
55 33 2517
55 34 1061
55 35 953
55 36 1511
55 37 2683
55 38 4251
55 39 2672
55 40 1954
55 41 2029
55 42 1851
55 43 2700
55 44 2418
55 45 2727
55 46 1417
55 47 1226
55 48 1603
55 49 2774
55 50 553
55 51 816
55 52 2772
55 53 1053
55 54 2127
55 55 0
55 56 1088
55 57 3810
55 58 830
55 59 2638
55 60 700
55 61 1598
55 62 1304
55 63 1385
55 64 1602
55 65 1877
55 66 1964
55 67 1824
55 68 2463
55 69 2480
55 70 1005
55 71 1873
55 72 3222
55 73 1150
55 74 1638
55 75 1143
55 76 1680
55 77 1690
55 78 2742
56 0 888
56 1 743
56 2 1964
56 3 1682
56 4 1414
56 5 1472
56 6 1142
56 7 210
56 8 418
56 9 1985
56 10 1515
56 11 1523
56 12 750
56 13 1657
56 14 603
56 15 1571
56 16 2492
56 17 1132
56 18 654
56 19 1980
56 20 748
56 21 541
56 22 0
56 23 1825
56 24 1959
56 25 830
56 26 439
56 27 1985
56 28 1486
56 29 1037
56 30 1072
56 31 1472
56 32 1414
56 33 1523
56 34 925
56 35 1002
56 36 517
56 37 1640
56 38 3793
56 39 1678
56 40 1142
56 41 1571
56 42 924
56 43 1657
56 44 1724
56 45 1733
56 46 552
56 47 962
56 48 710
56 49 2316
56 50 693
56 51 751
56 52 1959
56 53 585
56 54 1669
56 55 1084
56 56 0
56 57 3352
56 58 300
56 59 1644
56 60 420
56 61 785
56 62 231
56 63 1257
56 64 1650
56 65 1734
56 66 1599
56 67 1366
56 68 1470
56 69 1786
56 70 1413
56 71 1060
56 72 2178
56 73 77
56 74 1186
56 75 676
56 76 1569
56 77 1651
56 78 2284
57 0 2912
57 1 2892
57 2 1830
57 3 3860
57 4 2292
57 5 2303
57 6 2589
57 7 3517
57 8 3645
57 9 1463
57 10 3048
57 11 3694
57 12 4092
57 13 3994
57 14 3157
57 15 1855
57 16 4798
57 17 2942
57 18 2862
57 19 3756
57 20 2743
57 21 3675
57 22 3342
57 23 5167
57 24 2719
57 25 3184
57 26 3678
57 27 1463
57 28 4249
57 29 2694
57 30 2592
57 31 2303
57 32 2292
57 33 3694
57 34 4267
57 35 3132
57 36 3419
57 37 3826
57 38 566
57 39 3795
57 40 2589
57 41 1855
57 42 3103
57 43 3994
57 44 2084
57 45 3866
57 46 3102
57 47 4304
57 48 3052
57 49 1501
57 50 3288
57 51 3093
57 52 2719
57 53 3927
57 54 1922
57 55 3783
57 56 3342
57 57 0
57 58 3319
57 59 3330
57 60 3319
57 61 2898
57 62 3474
57 63 4599
57 64 2815
57 65 2471
57 66 2365
57 67 2204
57 68 3614
57 69 2105
57 70 3608
57 71 2680
57 72 4364
57 73 3419
57 74 2452
57 75 2763
57 76 4911
57 77 4993
57 78 1119
58 0 1008
58 1 829
58 2 2050
58 3 1935
58 4 1412
58 5 1558
58 6 1228
58 7 513
58 8 342
58 9 1983
58 10 1244
58 11 1734
58 12 887
58 13 1962
58 14 320
58 15 1569
58 16 2797
58 17 862
58 18 528
58 19 2191
58 20 647
58 21 465
58 22 328
58 23 1961
58 24 2045
58 25 551
58 26 410
58 27 1983
58 28 1791
58 29 1123
58 30 1158
58 31 1558
58 32 1412
58 33 1734
58 34 1068
58 35 722
58 36 740
58 37 1903
58 38 3791
58 39 1889
58 40 1228
58 41 1569
58 42 1060
58 43 1962
58 44 1810
58 45 1944
58 46 638
58 47 1181
58 48 812
58 49 2314
58 50 422
58 51 481
58 52 2045
58 53 798
58 54 1667
58 55 830
58 56 328
58 57 3350
58 58 0
58 59 1855
58 60 148
58 61 871
58 62 544
58 63 1393
58 64 1379
58 65 1507
58 66 1593
58 67 1364
58 68 1680
58 69 1873
58 70 1154
58 71 1146
58 72 2484
58 73 390
58 74 1184
58 75 606
58 76 1701
58 77 1788
58 78 2281
59 0 1069
59 1 1260
59 2 1552
59 3 713
59 4 2137
59 5 1302
59 6 1033
59 7 1552
59 8 2041
59 9 1973
59 10 2879
59 11 547
59 12 2186
59 13 847
59 14 2077
59 15 1785
59 16 1651
59 17 2369
59 18 1852
59 19 559
59 20 1921
59 21 2164
59 22 1640
59 23 3419
59 24 993
59 25 2264
59 26 2062
59 27 1973
59 28 1102
59 29 1139
59 30 1248
59 31 1302
59 32 2137
59 33 547
59 34 2361
59 35 2423
59 36 1150
59 37 678
59 38 3706
59 39 608
59 40 1033
59 41 1785
59 42 837
59 43 847
59 44 1314
59 45 697
59 46 1396
59 47 2397
59 48 1126
59 49 1974
59 50 2224
59 51 2134
59 52 993
59 53 2171
59 54 1544
59 55 2657
59 56 1640
59 57 3265
59 58 1858
59 59 0
59 60 1977
59 61 1303
59 62 1467
59 63 2696
59 64 2766
59 65 2482
59 66 2322
59 67 1969
59 68 466
59 69 1319
59 70 2931
59 71 1124
59 72 1167
59 73 1585
59 74 2000
59 75 1826
59 76 3077
59 77 3246
59 78 2144
60 0 1096
60 1 917
60 2 2001
60 3 2052
60 4 1356
60 5 1523
60 6 1316
60 7 621
60 8 397
60 9 1933
60 10 1095
60 11 1851
60 12 942
60 13 2079
60 14 226
60 15 1519
60 16 2914
60 17 779
60 18 500
60 19 2307
60 20 617
60 21 393
60 22 445
60 23 1933
60 24 2133
60 25 411
60 26 466
60 27 1933
60 28 1908
60 29 1211
60 30 1246
60 31 1523
60 32 1356
60 33 1851
60 34 1122
60 35 585
60 36 860
60 37 2020
60 38 3741
60 39 2006
60 40 1316
60 41 1519
60 42 1177
60 43 2079
60 44 1898
60 45 2061
60 46 755
60 47 1236
60 48 929
60 49 2264
60 50 273
60 51 406
60 52 2133
60 53 852
60 54 1617
60 55 682
60 56 445
60 57 3300
60 58 159
60 59 1972
60 60 0
60 61 960
60 62 661
60 63 1448
60 64 1230
60 65 1432
60 66 1519
60 67 1314
60 68 1797
60 69 1961
60 70 1005
60 71 1234
60 72 2601
60 73 507
60 74 1128
60 75 595
60 76 1749
60 77 1759
60 78 2232
61 0 321
61 1 52
61 2 1264
61 3 1448
61 4 1252
61 5 752
61 6 442
61 7 793
61 8 1150
61 9 1505
61 10 1676
61 11 1247
61 12 1443
61 13 1584
61 14 1012
61 15 1248
61 16 2388
61 17 1166
61 18 683
61 19 1704
61 20 718
61 21 1273
61 22 816
61 23 2641
61 24 1259
61 25 1121
61 26 1172
61 27 1505
61 28 1652
61 29 336
61 30 372
61 31 752
61 32 1252
61 33 1247
61 34 1618
61 35 1220
61 36 667
61 37 1416
61 38 3361
61 39 1402
61 40 442
61 41 1248
61 42 506
61 43 1584
61 44 1024
61 45 1457
61 46 386
61 47 1655
61 48 325
61 49 1681
61 50 1143
61 51 998
61 52 1259
61 53 1402
61 54 1086
61 55 1635
61 56 816
61 57 2921
61 58 896
61 59 1356
61 60 991
61 61 0
61 62 738
61 63 1954
61 64 1583
61 65 1582
61 66 1437
61 67 1142
61 68 1193
61 69 1086
61 70 1786
61 71 360
61 72 2011
61 73 783
61 74 1024
61 75 623
61 76 2334
61 77 2468
61 78 1800
62 0 709
62 1 666
62 2 1860
62 3 1517
62 4 1565
62 5 1390
62 6 989
62 7 170
62 8 651
62 9 2124
62 10 1737
62 11 1344
62 12 820
62 13 1492
62 14 824
62 15 1709
62 16 2326
62 17 1353
62 18 858
62 19 1801
62 20 953
62 21 774
62 22 236
62 23 2038
62 24 1846
62 25 1051
62 26 672
62 27 2124
62 28 1320
62 29 883
62 30 987
62 31 1390
62 32 1565
62 33 1344
62 34 995
62 35 1223
62 36 335
62 37 1474
62 38 3931
62 39 1499
62 40 989
62 41 1709
62 42 745
62 43 1492
62 44 1620
62 45 1554
62 46 475
62 47 1032
62 48 532
62 49 2277
62 50 915
62 51 972
62 52 1846
62 53 799
62 54 1728
62 55 1317
62 56 236
62 57 3490
62 58 521
62 59 1466
62 60 641
62 61 709
62 62 0
62 63 1331
62 64 1871
62 65 1895
62 66 1750
62 67 1504
62 68 1291
62 69 1683
62 70 1646
62 71 907
62 72 2013
62 73 180
62 74 1337
62 75 878
62 76 1711
62 77 1865
62 78 2422
63 0 1999
63 1 1926
63 2 3147
63 3 2585
63 4 2659
63 5 2655
63 6 2278
63 7 1251
63 8 1097
63 9 3231
63 10 2499
63 11 2609
63 12 558
63 13 2533
63 14 1645
63 15 2817
63 16 2796
63 17 2183
63 18 1892
63 19 3066
63 20 1993
63 21 1210
63 22 1276
63 23 880
63 24 3136
63 25 1815
63 26 1025
63 27 3231
63 28 2124
63 29 2173
63 30 2255
63 31 2655
63 32 2659
63 33 2609
63 34 440
63 35 1989
63 36 1603
63 37 2543
63 38 5038
63 39 2734
63 40 2278
63 41 2817
63 42 2035
63 43 2533
63 44 2907
63 45 2689
63 46 1735
63 47 531
63 48 1822
63 49 3562
63 50 1609
63 51 1836
63 52 3136
63 53 698
63 54 2914
63 55 1393
63 56 1276
63 57 4598
63 58 1379
63 59 2731
63 60 1451
63 61 1968
63 62 1356
63 63 0
63 64 2634
63 65 2862
63 66 2844
63 67 2612
63 68 2556
63 69 2970
63 70 2243
63 71 2197
63 72 2923
63 73 1310
63 74 2431
63 75 1921
63 76 1146
63 77 706
63 78 3529
64 0 1746
64 1 1556
64 2 1799
64 3 2879
64 4 716
64 5 1508
64 6 1861
64 7 1738
64 8 1513
64 9 1578
64 10 238
64 11 2678
64 12 2058
64 13 3016
64 14 1002
64 15 1141
64 16 3820
64 17 566
64 18 968
64 19 3135
64 20 879
64 21 1445
64 22 1553
64 23 3031
64 24 2456
64 25 807
64 26 1582
64 27 1578
64 28 2937
64 29 1846
64 30 1672
64 31 1508
64 32 716
64 33 2678
64 34 2228
64 35 618
64 36 1913
64 37 2847
64 38 3262
64 39 2833
64 40 1861
64 41 1141
64 42 1938
64 43 3016
64 44 1765
64 45 2888
64 46 1468
64 47 2352
64 48 1671
64 49 1934
64 50 989
64 51 858
64 52 2456
64 53 1968
64 54 1379
64 55 1540
64 56 1553
64 57 2821
64 58 1285
64 59 2793
64 60 1194
64 61 1553
64 62 1769
64 63 2553
64 64 0
64 65 471
64 66 607
64 67 983
64 68 2625
64 69 1827
64 70 798
64 71 1869
64 72 3442
64 73 1615
64 74 845
64 75 947
64 76 2847
64 77 2858
64 78 1876
65 0 1670
65 1 1480
65 2 1418
65 3 2803
65 4 347
65 5 1262
65 6 1646
65 7 1808
65 8 1806
65 9 1168
65 10 680
65 11 2602
65 12 2352
65 13 2940
65 14 1239
65 15 853
65 16 3743
65 17 722
65 18 1061
65 19 2964
65 20 952
65 21 1770
65 22 1624
65 23 3346
65 24 2201
65 25 1120
65 26 1876
65 27 1168
65 28 2861
65 29 1663
65 30 1464
65 31 1262
65 32 347
65 33 2602
65 34 2532
65 35 948
65 36 1837
65 37 2771
65 38 2917
65 39 2757
65 40 1646
65 41 853
65 42 1862
65 43 2940
65 44 1483
65 45 2812
65 46 1392
65 47 2586
65 48 1595
65 49 1553
65 50 1338
65 51 1093
65 52 2201
65 53 2210
65 54 1097
65 55 1865
65 56 1624
65 57 2476
65 58 1512
65 59 2539
65 60 1451
65 61 1485
65 62 1764
65 63 2858
65 64 471
65 65 0
65 66 163
65 67 722
65 68 2549
65 69 1545
65 70 1241
65 71 1680
65 72 3366
65 73 1701
65 74 599
65 75 988
65 76 3162
65 77 3173
65 78 1466
66 0 1643
66 1 1453
66 2 1254
66 3 2776
66 4 187
66 5 1166
66 6 1580
66 7 1781
66 8 1898
66 9 1004
66 10 793
66 11 2575
66 12 2347
66 13 2912
66 14 1331
66 15 689
66 16 3716
66 17 814
66 18 1110
66 19 2805
66 20 990
66 21 1861
66 22 1597
66 23 3422
66 24 2041
66 25 1212
66 26 1933
66 27 1004
66 28 2834
66 29 1597
66 30 1399
66 31 1166
66 32 187
66 33 2575
66 34 2522
66 35 1040
66 36 1810
66 37 2744
66 38 2811
66 39 2730
66 40 1580
66 41 689
66 42 1835
66 43 2912
66 44 1323
66 45 2785
66 46 1365
66 47 2559
66 48 1568
66 49 1389
66 50 1430
66 51 1184
66 52 2041
66 53 2183
66 54 937
66 55 1957
66 56 1597
66 57 2370
66 58 1574
66 59 2379
66 60 1542
66 61 1458
66 62 1737
66 63 2854
66 64 607
66 65 163
66 66 0
66 67 562
66 68 2521
66 69 1385
66 70 1353
66 71 1614
66 72 3339
66 73 1674
66 74 539
66 75 1018
66 76 3166
66 77 3248
66 78 1302
67 0 1169
67 1 1147
67 2 1020
67 3 2367
67 4 375
67 5 628
67 6 1023
67 7 1480
67 8 1608
67 9 826
67 10 1130
67 11 2166
67 12 2055
67 13 2503
67 14 1121
67 15 399
67 16 3307
67 17 882
67 18 826
67 19 2339
67 20 706
67 21 1638
67 22 1305
67 23 3130
67 24 1576
67 25 1147
67 26 1641
67 27 826
67 28 2534
67 29 1045
67 30 847
67 31 628
67 32 375
67 33 2166
67 34 2230
67 35 1072
67 36 1510
67 37 2335
67 38 2634
67 39 2321
67 40 1023
67 41 399
67 42 1391
67 43 2503
67 44 927
67 45 2376
67 46 1065
67 47 2267
67 48 1268
67 49 1157
67 50 1252
67 51 1056
67 52 1576
67 53 1891
67 54 552
67 55 1747
67 56 1305
67 57 2193
67 58 1282
67 59 1913
67 60 1283
67 61 1152
67 62 1437
67 63 2562
67 64 1002
67 65 720
67 66 560
67 67 0
67 68 2112
67 69 989
67 70 1674
67 71 1062
67 72 2930
67 73 1382
67 74 416
67 75 726
67 76 2874
67 77 2957
67 78 1125
68 0 974
68 1 1127
68 2 1957
68 3 329
68 4 2322
68 5 1661
68 6 1225
68 7 1418
68 8 1906
68 9 2379
68 10 2746
68 11 163
68 12 2052
68 13 463
68 14 1943
68 15 2174
68 16 1266
68 17 2236
68 18 1720
68 19 534
68 20 1788
68 21 2029
68 22 1506
68 23 3285
68 24 1412
68 25 2131
68 26 1928
68 27 2379
68 28 717
68 29 1127
68 30 1271
68 31 1661
68 32 2322
68 33 163
68 34 2226
68 35 2290
68 36 1016
68 37 294
68 38 4111
68 39 263
68 40 1225
68 41 2174
68 42 712
68 43 463
68 44 1720
68 45 335
68 46 1271
68 47 2263
68 48 1001
68 49 2379
68 50 2090
68 51 2002
68 52 1412
68 53 2036
68 54 1950
68 55 2523
68 56 1506
68 57 3671
68 58 1724
68 59 450
68 60 1843
68 61 1170
68 62 1333
68 63 2562
68 64 2653
68 65 2652
68 66 2508
68 67 2149
68 68 0
68 69 1725
68 70 2797
68 71 1148
68 72 889
68 73 1450
68 74 2095
68 75 1694
68 76 2942
68 77 3112
68 78 2549
69 0 1017
69 1 1033
69 2 275
69 3 1903
69 4 1187
69 5 453
69 6 694
69 7 1772
69 8 2129
69 9 871
69 10 1943
69 11 1737
69 12 2422
69 13 2037
69 14 1831
69 15 807
69 16 2841
69 17 1706
69 18 1537
69 19 1798
69 20 1417
69 21 2252
69 22 1795
69 23 3620
69 24 692
69 25 1859
69 26 2151
69 27 871
69 28 2292
69 29 799
69 30 761
69 31 453
69 32 1187
69 33 1737
69 34 2597
69 35 1841
69 36 1536
69 37 1868
69 38 2545
69 39 1838
69 40 694
69 41 807
69 42 1208
69 43 2037
69 44 101
69 45 1909
69 46 1365
69 47 2634
69 48 1189
69 49 746
69 50 1962
69 51 1767
69 52 692
69 53 2381
69 54 594
69 55 2457
69 56 1795
69 57 2104
69 58 1875
69 59 1373
69 60 1970
69 61 1038
69 62 1695
69 63 2933
69 64 1816
69 65 1532
69 66 1372
69 67 1033
69 68 1656
69 69 0
69 70 2453
69 71 785
69 72 2407
69 73 1762
69 74 1129
69 75 1437
69 76 3313
69 77 3447
69 78 983
70 0 1926
70 1 1746
70 2 2457
70 3 3027
70 4 1374
70 5 1991
70 6 2145
70 7 1594
70 8 1279
70 9 2236
70 10 595
70 11 2826
70 12 1825
70 13 3054
70 14 857
70 15 1799
70 16 3889
70 17 815
70 18 1086
70 19 3282
70 20 1121
70 21 1111
70 22 1434
70 23 2704
70 24 2922
70 25 700
70 26 1349
70 27 2236
70 28 2883
70 29 2040
70 30 2061
70 31 1991
70 32 1374
70 33 2826
70 34 1901
70 35 636
70 36 1851
70 37 2995
70 38 4039
70 39 2981
70 40 2145
70 41 1799
70 42 2085
70 43 3054
70 44 2376
70 45 3036
70 46 1609
70 47 2066
70 48 1811
70 49 2592
70 50 760
70 51 788
70 52 2922
70 53 1735
70 54 2037
70 55 927
70 56 1434
70 57 3599
70 58 1166
70 59 2947
70 60 1048
70 61 1750
70 62 1650
70 63 2226
70 64 777
70 65 1248
70 66 1338
70 67 1642
70 68 2772
70 69 2438
70 70 0
70 71 2064
70 72 3576
70 73 1496
70 74 1396
70 75 1189
70 76 2521
70 77 2531
70 78 2534
71 0 241
71 1 315
71 2 962
71 3 1414
71 4 1426
71 5 527
71 6 90
71 7 1022
71 8 1411
71 9 1369
71 10 1971
71 11 1213
71 12 1673
71 13 1551
71 14 1274
71 15 1111
71 16 2354
71 17 1461
71 18 944
71 19 1594
71 20 1013
71 21 1534
71 22 1077
71 23 2891
71 24 948
71 25 1382
71 26 1433
71 27 1369
71 28 1619
71 29 23
71 30 253
71 31 527
71 32 1426
71 33 1213
71 34 1847
71 35 1515
71 36 759
71 37 1382
71 38 3111
71 39 1368
71 40 90
71 41 1111
71 42 437
71 43 1551
71 44 722
71 45 1423
71 46 647
71 47 1884
71 48 417
71 49 1379
71 50 1404
71 51 1259
71 52 948
71 53 1651
71 54 949
71 55 1897
71 56 1077
71 57 2670
71 58 1157
71 59 1168
71 60 1253
71 61 320
71 62 919
71 63 2183
71 64 1877
71 65 1771
71 66 1611
71 67 1098
71 68 1159
71 69 784
71 70 2047
71 71 0
71 72 1977
71 73 1033
71 74 1126
71 75 918
71 76 2563
71 77 2717
71 78 1549
72 0 1964
72 1 2117
72 2 2776
72 3 961
72 4 3312
72 5 2525
72 6 2215
72 7 2234
72 8 2707
72 9 3197
72 10 3736
72 11 952
72 12 2504
72 13 786
72 14 2924
72 15 3009
72 16 576
72 17 3226
72 18 2709
72 19 864
72 20 2778
72 21 2872
72 22 2425
72 23 3802
72 24 2257
72 25 3121
72 26 2715
72 27 3197
72 28 1120
72 29 2117
72 30 2261
72 31 2525
72 32 3312
72 33 952
72 34 2519
72 35 3280
72 36 1956
72 37 821
72 38 4929
72 39 891
72 40 2215
72 41 3009
72 42 1702
72 43 786
72 44 2538
72 45 828
72 46 2261
72 47 2536
72 48 1991
72 49 3197
72 50 3071
72 51 2991
72 52 2257
72 53 2659
72 54 2768
72 55 3413
72 56 2425
72 57 4489
72 58 2691
72 59 1270
72 60 2811
72 61 2160
72 62 2252
72 63 2922
72 64 3643
72 65 3642
72 66 3497
72 67 3139
72 68 1043
72 69 2543
72 70 3771
72 71 2138
72 72 0
72 73 2391
72 74 3084
72 75 2683
72 76 3373
72 77 3628
72 78 3368
73 0 897
73 1 755
73 2 1976
73 3 1683
73 4 1486
73 5 1484
73 6 1154
73 7 211
73 8 493
73 9 2058
73 10 1590
73 11 1533
73 12 822
73 13 1659
73 14 677
73 15 1644
73 16 2493
73 17 1207
73 18 726
73 19 1989
73 20 820
73 21 616
73 22 103
73 23 1897
73 24 1971
73 25 904
73 26 513
73 27 2058
73 28 1487
73 29 1049
73 30 1084
73 31 1484
73 32 1486
73 33 1533
73 34 997
73 35 1076
73 36 523
73 37 1641
73 38 3865
73 39 1688
73 40 1154
73 41 1644
73 42 934
73 43 1659
73 44 1736
73 45 1743
73 46 564
73 47 1033
73 48 721
73 49 2389
73 50 768
73 51 826
73 52 1971
73 53 657
73 54 1742
73 55 1159
73 56 103
73 57 3425
73 58 375
73 59 1654
73 60 494
73 61 798
73 62 232
73 63 1329
73 64 1724
73 65 1807
73 66 1671
73 67 1439
73 68 1479
73 69 1799
73 70 1487
73 71 1072
73 72 2180
73 73 0
73 74 1259
73 75 748
73 76 1641
73 77 1723
73 78 2356
74 0 1221
74 1 1039
74 2 1164
74 3 2362
74 4 325
74 5 709
74 6 1092
74 7 1367
74 8 1486
74 9 1096
74 10 948
74 11 2161
74 12 1933
74 13 2499
74 14 991
74 15 682
74 16 3302
74 17 633
74 18 696
74 19 2419
74 20 576
74 21 1508
74 22 1183
74 23 3008
74 24 1656
74 25 986
74 26 1519
74 27 1096
74 28 2420
74 29 1109
74 30 911
74 31 709
74 32 325
74 33 2161
74 34 2108
74 35 819
74 36 1396
74 37 2330
74 38 2904
74 39 2316
74 40 1092
74 41 682
74 42 1421
74 43 2499
74 44 1071
74 45 2371
74 46 951
74 47 2145
74 48 1154
74 49 1427
74 50 1122
74 51 926
74 52 1656
74 53 1769
74 54 780
74 55 1617
74 56 1183
74 57 2463
74 58 1160
74 59 1993
74 60 1153
74 61 1044
74 62 1324
74 63 2440
74 64 811
74 65 670
74 66 511
74 67 443
74 68 2108
74 69 1133
74 70 1420
74 71 1126
74 72 2925
74 73 1260
74 74 0
74 75 604
74 76 2752
74 77 2835
74 78 1395
75 0 803
75 1 613
75 2 1477
75 3 1936
75 4 838
75 5 999
75 6 1008
75 7 891
75 8 931
75 9 1409
75 10 1057
75 11 1735
75 12 1431
75 13 2073
75 14 497
75 15 995
75 16 2877
75 17 547
75 18 132
75 19 2192
75 20 99
75 21 973
75 22 680
75 23 2506
75 24 1825
75 25 556
75 26 964
75 27 1409
75 28 1994
75 29 902
75 30 921
75 31 999
75 32 838
75 33 1735
75 34 1606
75 35 601
75 36 970
75 37 1904
75 38 3217
75 39 1890
75 40 1008
75 41 995
75 42 995
75 43 2073
75 44 1384
75 45 1945
75 46 525
75 47 1643
75 48 728
75 49 1740
75 50 628
75 51 433
75 52 1825
75 53 1266
75 54 1093
75 55 1123
75 56 680
75 57 2776
75 58 606
75 59 1853
75 60 617
75 61 610
75 62 885
75 63 1938
75 64 1086
75 65 1085
75 66 1023
75 67 790
75 68 1682
75 69 1446
75 70 1204
75 71 926
75 72 2499
75 73 758
75 74 610
75 75 0
75 76 2250
75 77 2332
75 78 1708
76 0 2339
76 1 2266
76 2 3488
76 3 2973
76 4 2968
76 5 2995
76 6 2619
76 7 1592
76 8 1406
76 9 3540
76 10 2803
76 11 2949
76 12 960
76 13 2948
76 14 1954
76 15 3126
76 16 3248
76 17 2486
76 18 2195
76 19 3406
76 20 2303
76 21 1513
76 22 1585
76 23 2022
76 24 3476
76 25 2118
76 26 1334
76 27 3540
76 28 2575
76 29 2514
76 30 2595
76 31 2995
76 32 2968
76 33 2949
76 34 873
76 35 2292
76 36 1943
76 37 2931
76 38 5347
76 39 3105
76 40 2619
76 41 3126
76 42 2375
76 43 2948
76 44 3248
76 45 3077
76 46 2075
76 47 1010
76 48 2163
76 49 3871
76 50 1912
76 51 2145
76 52 3476
76 53 1101
76 54 3224
76 55 1696
76 56 1585
76 57 4907
76 58 1688
76 59 3071
76 60 1760
76 61 2309
76 62 1697
76 63 1142
76 64 2937
76 65 3171
76 66 3154
76 67 2921
76 68 2896
76 69 3310
76 70 2545
76 71 2537
76 72 3375
76 73 1619
76 74 2741
76 75 2231
76 76 0
76 77 1849
76 78 3838
77 0 2507
77 1 2387
77 2 3609
77 3 3189
77 4 3060
77 5 3116
77 6 2786
77 7 1730
77 8 1487
77 9 3632
77 10 2819
77 11 3117
77 12 1266
77 13 3164
77 14 1970
77 15 3217
77 16 3504
77 17 2503
77 18 2258
77 19 3574
77 20 2375
77 21 1529
77 22 1677
77 23 173
77 24 3604
77 25 2134
77 26 1415
77 27 3632
77 28 2831
77 29 2681
77 30 2716
77 31 3116
77 32 3060
77 33 3117
77 34 1148
77 35 2309
77 36 2110
77 37 3147
77 38 5439
77 39 3272
77 40 2786
77 41 3217
77 42 2543
77 43 3164
77 44 3369
77 45 3293
77 46 2196
77 47 1239
77 48 2330
77 49 3963
77 50 1928
77 51 2164
77 52 3604
77 53 1377
77 54 3315
77 55 1713
77 56 1677
77 57 4998
77 58 1769
77 59 3239
77 60 1788
77 61 2430
77 62 1845
77 63 707
77 64 2954
77 65 3190
77 66 3245
77 67 3012
77 68 3064
77 69 3431
77 70 2562
77 71 2705
77 72 3631
77 73 1711
77 74 2832
77 75 2322
77 76 1853
77 77 0
77 78 3930
78 0 1792
78 1 1773
78 2 710
78 3 2740
78 4 1229
78 5 1183
78 6 1469
78 7 2453
78 8 2581
78 9 350
78 10 1985
78 11 2574
78 12 3028
78 13 2874
78 14 2094
78 15 792
78 16 3678
78 17 1878
78 18 1799
78 19 2636
78 20 1679
78 21 2611
78 22 2278
78 23 4103
78 24 1599
78 25 2120
78 26 2614
78 27 350
78 28 3129
78 29 1574
78 30 1472
78 31 1183
78 32 1229
78 33 2574
78 34 3203
78 35 2069
78 36 2299
78 37 2706
78 38 1561
78 39 2675
78 40 1469
78 41 792
78 42 1983
78 43 2874
78 44 964
78 45 2746
78 46 2038
78 47 3240
78 48 1932
78 49 411
78 50 2225
78 51 2029
78 52 1599
78 53 2864
78 54 802
78 55 2720
78 56 2278
78 57 1121
78 58 2255
78 59 2210
78 60 2256
78 61 1778
78 62 2410
78 63 3535
78 64 1857
78 65 1466
78 66 1302
78 67 1140
78 68 2494
78 69 985
78 70 2545
78 71 1560
78 72 3244
78 73 2355
78 74 1389
78 75 1699
78 76 3847
78 77 3929
78 78 0
