#nbCustomers ====0=====3(1175+25200=26375)====7(4853+25200=30053)====6(6541+25200=31741)======9(9685+25200=34885)-
5
#nbParkings ===4(13577+25200=38777)====8(15984+25200=41184)====10(18140+25200=43340)-0(22283+25200=47483)
2
#nbCentralDepots
4
#nbVehicles
6
#nbProducts
3
#parking info (nk ep lp)
3 25200 61200
3 25200 61200
#central depot info(ed, ld, waittingTime, loadingTimeperUnit)
25200 61200 1800 1.8
25200 61200 1800 1.8
25200 61200 1800 1.8
25200 61200 1800 1.8
#vehicle info(ek, lk, ck lower, ck upper, qk, outsourced)
25200 57600 780 1430 5 1.2
25200 57600 1380 2530 5 1.2
25200 57600 780 1430 5 1
25200 57600 780 1430 5 1.1
25200 57600 8580 15730 5 1
25200 57600 1380 2530 5 1.2
#weight of products (wp)
1
1
1
#customer demand (quantity, quantity, quantity,... nbProducts)
123 123 123
56 56 56
53 53 53
153 153 153
231 231 231
#customer info(ei, li, waittingTime, unloadingTimePerUnit)
30800 36500 900 4.2
28800 33400 900 4.2
44600 49800 900 4.2
36200 40500 900 4.2
48200 52400 900 4.2
#vehicle - product (restrictly bkp) = 1: vh can carry
1 1 1
1 1 1
1 1 1
1 1 1
1 1 1
1 1 1
#vehicles - customer (restrictly rki) = 1: vh can go to cus
1 1 1 1 1 1
1 1 1 1 1 1
1 1 1 1 1 1
1 1 1 1 1 1
1 1 1 1 1 1
1 1 1 1 1 1
#vehicle - remain customers = 1: remain
0 0 0 0 0
0 0 0 0 0
0 0 0 0 0
0 0 0 0 0
0 0 0 0 0
0 0 0 0 0
#travel time matrix:[from to travelTime]
121
0 0 0.0
0 1 245.0
0 2 2829.0
0 3 1175.0
0 4 1222.0
0 5 1216.0
0 6 1441.0
0 7 743.0
0 8 350.0
0 9 800.0
0 10 1256.0
1 0 280.0
1 1 0.0
1 2 3017.0
1 3 1364.0
1 4 1275.0
1 5 1405.0
1 6 1243.0
1 7 756.0
1 8 461.0
1 9 750.0
1 10 1107.0
2 0 2845.0
2 1 2998.0
2 2 0.0
2 3 1791.0
2 4 3502.0
2 5 1843.0
2 6 4087.0
2 7 3251.0
2 8 2983.0
2 9 3103.0
2 10 3577.0
3 0 1198.0
3 1 1351.0
3 2 1802.0
3 3 0.0
3 4 2210.0
3 5 151.0
3 6 2546.0
3 7 1885.0
3 8 1450.0
3 9 1476.0
3 10 1950.0
4 0 1195.0
4 1 1211.0
4 2 3508.0
4 3 2145.0
4 4 0.0
4 5 2137.0
4 6 1137.0
4 7 631.0
4 8 872.0
4 9 1950.0
4 10 2306.0
5 0 1247.0
5 1 1400.0
5 2 1853.0
5 3 151.0
5 4 2201.0
5 5 0.0
5 6 2595.0
5 7 1933.0
5 8 1498.0
5 9 1557.0
5 10 2030.0
6 0 1456.0
6 1 1265.0
6 2 4122.0
6 3 2547.0
6 4 1169.0
6 5 2588.0
6 6 0.0
6 7 979.0
6 8 1393.0
6 9 1593.0
6 10 1713.0
7 0 727.0
7 1 720.0
7 2 3222.0
7 3 1830.0
7 4 641.0
7 5 1822.0
7 6 981.0
7 7 0.0
7 8 436.0
7 9 1455.0
7 10 1812.0
8 0 322.0
8 1 392.0
8 2 3008.0
8 3 1449.0
8 4 871.0
8 5 1490.0
8 6 1393.0
8 7 436.0
8 8 0.0
8 9 1104.0
8 10 1487.0
9 0 824.0
9 1 743.0
9 2 3061.0
9 3 1434.0
9 4 1964.0
9 5 1515.0
9 6 1641.0
9 7 1472.0
9 8 1104.0
9 9 0.0
9 10 571.0
10 0 1232.0
10 1 1056.0
10 2 3522.0
10 3 1895.0
10 4 2277.0
10 5 1976.0
10 6 1700.0
10 7 1785.0
10 8 1455.0
10 9 508.0
10 10 0.0
