#nbCustomers
50
#nbParkings
2
#nbCentralDepots
2
#nbVehicles
3
#nbProducts
2
#parking info (nk ep lp)
2 25200 68400
1 25200 68400
#central depot info(ed, ld, waittingTime, loadingTimeperUnit)
25200 68400 1800 1.8
25200 68400 1800 1.8
#vehicle info(ek, lk, ck lower, ck upper, qk, costRate)
25200 68400 480 1830 2 1
25200 68400 480 2530 1 1
25200 68400 480 1100 1 1
#weight of products (wp)
1
1
#customer demand (quantity, quantity, quantity,... nbProducts)
123 35
56 37
53 38
153 0
231 0
43 29
137 0
315 114
169 0
51 13
133 0
26 24
88 0
134 0
67 0
127 0
117 0
247 0
121 0
139 0
82 77
182 0
191 0
43 29
0 57
0 36
0 61
56 37
123 35
315 114
0 57
0 34
0 97
0 36
0 61
0 22
53 38
26 24
0 34
51 13
0 33
0 31
0 53
0 53
0 56
0 63
0 32
0 47
82 77
0 39
#customer info(ei, li, waittingTime, unloadingTimePerUnit)
59974 60174 900 4.2
56158 56358 900 4.2
60414 60614 900 4.2
25200 68400 900 4.2
43035 43235 900 4.2
25200 68400 900 4.2
25200 68400 900 4.2
33010 33210 900 4.2
34683 34883 900 4.2
44873 45073 900 4.2
48533 48733 900 4.2
25200 68400 900 4.2
25200 68400 900 4.2
25200 68400 900 4.2
64006 64206 900 4.2
35553 35753 900 4.2
45366 45566 900 4.2
25200 68400 900 4.2
25200 68400 900 4.2
25200 68400 900 4.2
25200 68400 900 4.2
50434 50634 900 4.2
41046 41246 900 4.2
25200 68400 900 4.2
25200 68400 900 4.2
59027 59227 900 4.2
57735 57935 900 4.2
25200 68400 900 4.2
25200 68400 900 4.2
38640 38840 900 4.2
36036 36236 900 4.2
51661 51861 900 4.2
52223 52423 900 4.2
42721 42921 900 4.2
25200 68400 900 4.2
40665 40865 900 4.2
25200 68400 900 4.2
25200 68400 900 4.2
49823 50023 900 4.2
25200 68400 900 4.2
54477 54677 900 4.2
46973 47173 900 4.2
65707 65907 900 4.2
37323 37523 900 4.2
25200 68400 900 4.2
25200 68400 900 4.2
62315 62515 900 4.2
46877 47077 900 4.2
25200 68400 900 4.2
38873 39073 900 4.2
#vehicle - product (restrictly bkp) = 1: vh can carry
1 1
1 1
1 1
#vehicles - customer (restrictly rki) = 1: vh can go to cus
1 1 1 1 1 1 1 1 1 1 1 1 1 1 1 1 1 1 1 1 1 1 1 1 1 1 1 1 1 1 1 1 1 1 1 1 1 1 1 1 1 1 1 1 1 1 1 1 1 1
1 1 1 1 1 1 1 1 1 1 1 1 1 1 1 1 1 1 1 1 1 1 1 1 1 1 1 1 1 1 1 1 1 1 1 1 1 1 1 1 1 1 1 1 1 1 1 1 1 1
1 1 1 1 1 1 1 1 1 1 1 1 1 1 1 1 1 1 1 1 1 1 1 1 1 1 1 1 1 1 1 1 1 1 1 1 1 1 1 1 1 1 1 1 1 1 1 1 1 1
#vehicle - remain customers = 1: remain
0 0 0 0 0 0 0 0 0 0 0 0 0 0 0 0 0 0 0 0 0 0 0 0 0 0 0 0 0 0 0 0 0 0 0 0 0 0 0 0 0 0 0 0 0 0 0 0 0 0
0 0 0 0 0 0 0 0 0 0 0 0 0 0 0 0 0 0 0 0 0 0 0 0 0 0 0 0 0 0 0 0 0 0 0 0 0 0 0 0 0 0 0 0 0 0 0 0 0 0
0 0 0 0 0 0 0 0 0 0 0 0 0 0 0 0 0 0 0 0 0 0 0 0 0 0 0 0 0 0 0 0 0 0 0 0 0 0 0 0 0 0 0 0 0 0 0 0 0 0
#travel time matrix:[from to travelTime]
2916
0 0 0
0 1 245
0 2 1222
0 3 1216
0 4 1441
0 5 743
0 6 350
0 7 800
0 8 1256
0 9 1500
0 10 1864
0 11 1015
0 12 1451
0 13 1353
0 14 1131
0 15 1243
0 16 2157
0 17 1355
0 18 838
0 19 1472
0 20 906
0 21 1379
0 22 866
0 23 2669
0 24 1207
0 25 1268
0 26 1278
0 27 1500
0 28 1421
0 29 245
0 30 340
0 31 743
0 32 1441
0 33 1015
0 34 1626
0 35 1408
0 36 537
0 37 1185
0 38 3356
0 39 1170
0 40 350
0 41 1243
0 42 277
0 43 1353
0 44 982
0 45 1225
0 46 464
0 47 1662
0 48 217
0 49 1638
0 50 1278
0 51 1139
0 52 1207
0 53 1430
1 0 280
1 1 0
1 2 1275
1 3 1405
1 4 1243
1 5 756
1 6 461
1 7 750
1 8 1107
1 9 1510
1 10 1667
1 11 1204
1 12 1401
1 13 1542
1 14 970
1 15 1253
1 16 2345
1 17 1157
1 18 641
1 19 1661
1 20 709
1 21 1230
1 22 773
1 23 2598
1 24 1278
1 25 1078
1 26 1130
1 27 1510
1 28 1610
1 29 356
1 30 391
1 31 756
1 32 1243
1 33 1204
1 34 1576
1 35 1211
1 36 624
1 37 1373
1 38 3366
1 39 1359
1 40 461
1 41 1253
1 42 464
1 43 1542
1 44 1035
1 45 1414
1 46 343
1 47 1612
1 48 282
1 49 1692
1 50 1101
1 51 956
1 52 1278
1 53 1359
2 0 1195
2 1 1211
2 2 0
2 3 2137
2 4 1137
2 5 631
2 6 872
2 7 1950
2 8 2306
2 9 596
2 10 1894
2 11 1971
2 12 2600
2 13 2271
2 14 1951
2 15 697
2 16 3075
2 17 1787
2 18 1657
2 19 2032
2 20 1537
2 21 2429
2 22 1972
2 23 3798
2 24 953
2 25 1978
2 26 2329
2 27 596
2 28 2525
2 29 977
2 30 938
2 31 631
2 32 1137
2 33 1971
2 34 2775
2 35 1960
2 36 1713
2 37 2102
2 38 2269
2 39 2071
2 40 872
2 41 697
2 42 1386
2 43 2271
2 44 254
2 45 2143
2 46 1543
2 47 2812
2 48 1367
2 49 471
2 50 2082
2 51 1886
2 52 953
2 53 2559
3 0 1247
3 1 1400
3 2 2201
3 3 0
3 4 2595
3 5 1933
3 6 1498
3 7 1557
3 8 2030
3 9 2623
3 10 3019
3 11 212
3 12 2137
3 13 378
3 14 2215
3 15 2435
3 16 1181
3 17 2509
3 18 1992
3 19 671
3 20 2060
3 21 2195
3 22 1749
3 23 3370
3 24 1656
3 25 2403
3 26 2038
3 27 2623
3 28 531
3 29 1400
3 30 1544
3 31 1933
3 32 2595
3 33 212
3 34 2182
3 35 2562
3 36 1279
3 37 148
3 38 4355
3 39 291
3 40 1498
3 41 2435
3 42 985
3 43 378
3 44 1964
3 45 290
3 46 1544
3 47 2199
3 48 1274
3 49 2623
3 50 2363
3 51 2274
3 52 1656
3 53 2122
4 0 1456
4 1 1265
4 2 1169
4 3 2588
4 4 0
4 5 979
4 6 1393
4 7 1593
4 8 1713
4 9 945
4 10 818
4 11 2387
4 12 2160
4 13 2725
4 14 1202
4 15 511
4 16 3529
4 17 725
4 18 922
4 19 2617
4 20 803
4 21 1733
4 22 1409
4 23 3235
4 24 1854
4 25 1083
4 26 1745
4 27 945
4 28 2646
4 29 1410
4 30 1211
4 31 979
4 32 0
4 33 2387
4 34 2335
4 35 915
4 36 1623
4 37 2557
4 38 2752
4 39 2543
4 40 1393
4 41 511
4 42 1647
4 43 2725
4 44 1136
4 45 2597
4 46 1178
4 47 2371
4 48 1380
4 49 1304
4 50 1306
4 51 1056
4 52 1854
4 53 1995
5 0 727
5 1 720
5 2 641
5 3 1822
5 4 981
5 5 0
5 6 436
5 7 1455
5 8 1812
5 9 886
5 10 1637
5 11 1656
5 12 2106
5 13 1956
5 14 1393
5 15 629
5 16 2759
5 17 1281
5 18 1099
5 19 1717
5 20 979
5 21 1911
5 22 1478
5 23 3303
5 24 954
5 25 1420
5 26 1835
5 27 886
5 28 2129
5 29 541
5 30 420
5 31 0
5 32 981
5 33 1656
5 34 2281
5 35 1403
5 36 1246
5 37 1787
5 38 2742
5 39 1756
5 40 436
5 41 629
5 42 950
5 43 1956
5 44 402
5 45 1828
5 46 1048
5 47 2317
5 48 879
5 49 1058
5 50 1524
5 51 1328
5 52 954
5 53 2064
6 0 322
6 1 392
6 2 871
6 3 1490
6 4 1393
6 5 436
6 6 0
6 7 1104
6 8 1487
6 9 1287
6 10 1992
6 11 1289
6 12 1754
6 13 1627
6 14 1350
6 15 1058
6 16 2430
6 17 1537
6 18 1020
6 19 1503
6 20 1089
6 21 1610
6 22 1153
6 23 2972
6 24 857
6 25 1458
6 26 1509
6 27 1287
6 28 1695
6 29 105
6 30 260
6 31 436
6 32 1393
6 33 1289
6 34 1929
6 35 1591
6 36 841
6 37 1458
6 38 3020
6 39 1444
6 40 0
6 41 1058
6 42 513
6 43 1627
6 44 631
6 45 1499
6 46 723
6 47 1966
6 48 498
6 49 1288
6 50 1481
6 51 1335
6 52 857
6 53 1733
7 0 824
7 1 743
7 2 1964
7 3 1515
7 4 1641
7 5 1472
7 6 1104
7 7 0
7 8 571
7 9 2200
7 10 1748
7 11 1434
7 12 658
7 13 1490
7 14 836
7 15 1786
7 16 2325
7 17 1365
7 18 880
7 19 1892
7 20 975
7 21 717
7 22 267
7 23 1891
7 24 1959
7 25 1063
7 26 579
7 27 2200
7 28 1318
7 29 999
7 30 1072
7 31 1472
7 32 1641
7 33 1434
7 34 833
7 35 1235
7 36 428
7 37 1473
7 38 4007
7 39 1590
7 40 1104
7 41 1786
7 42 861
7 43 1490
7 44 1724
7 45 1619
7 46 552
7 47 869
7 48 648
7 49 2381
7 50 926
7 51 984
7 52 1959
7 53 643
8 0 1232
8 1 1056
8 2 2277
8 3 1976
8 4 1700
8 5 1785
8 6 1455
8 7 508
8 8 0
8 9 2276
8 10 1414
8 11 1873
8 12 626
8 13 1951
8 14 559
8 15 1862
8 16 2760
8 17 1097
8 18 822
8 19 2330
8 20 940
8 21 174
8 22 416
8 23 1700
8 24 2272
8 25 729
8 26 127
8 27 2276
8 28 1779
8 29 1349
8 30 1385
8 31 1785
8 32 1700
8 33 1873
8 34 807
8 35 903
8 36 867
8 37 1934
8 38 4084
8 39 2029
8 40 1455
8 41 1862
8 42 1268
8 43 1951
8 44 2037
8 45 2080
8 46 864
8 47 920
8 48 1039
8 49 2607
8 50 529
8 51 750
8 52 2272
8 53 474
9 0 1498
9 1 1476
9 2 596
9 3 2568
9 4 930
9 5 886
9 6 1297
9 7 2155
9 8 2283
9 9 0
9 10 1687
9 11 2402
9 12 2730
9 13 2702
9 14 1795
9 15 494
9 16 3506
9 17 1580
9 18 1500
9 19 2463
9 20 1380
9 21 2313
9 22 1979
9 23 3804
9 24 1522
9 25 1822
9 26 2315
9 27 0
9 28 2900
9 29 1374
9 30 1176
9 31 886
9 32 930
9 33 2402
9 34 2905
9 35 1770
9 36 2003
9 37 2533
9 38 1904
9 39 2502
9 40 1297
9 41 494
9 42 1720
9 43 2702
9 44 850
9 45 2574
9 46 1739
9 47 2941
9 48 1635
9 49 407
9 50 1926
9 51 1730
9 52 1522
9 53 2565
10 0 1784
10 1 1594
10 2 1987
10 3 2917
10 4 904
10 5 1693
10 6 1988
10 7 1705
10 8 1443
10 9 1766
10 10 0
10 11 2716
10 12 1988
10 13 3053
10 14 932
10 15 1329
10 16 3857
10 17 629
10 18 1006
10 19 3173
10 20 917
10 21 1375
10 22 1531
10 23 2961
10 24 2641
10 25 737
10 26 1512
10 27 1766
10 28 2956
10 29 1883
10 30 1857
10 31 1693
10 32 904
10 33 2716
10 34 2158
10 35 595
10 36 1924
10 37 2885
10 38 3569
10 39 2871
10 40 1988
10 41 1329
10 42 1976
10 43 3053
10 44 1953
10 45 2926
10 46 1506
10 47 2282
10 48 1709
10 49 2122
10 50 920
10 51 824
10 52 2641
10 53 1899
11 0 1067
11 1 1220
11 2 2022
11 3 212
11 4 2415
11 5 1754
11 6 1319
11 7 1511
11 8 1999
11 9 2443
11 10 2839
11 11 0
11 12 2144
11 13 368
11 14 2036
11 15 2255
11 16 1172
11 17 2329
11 18 1813
11 19 515
11 20 1881
11 21 2122
11 22 1599
11 23 3378
11 24 1476
11 25 2224
11 26 2021
11 27 2443
11 28 601
11 29 1220
11 30 1365
11 31 1754
11 32 2415
11 33 0
11 34 2252
11 35 2383
11 36 1109
11 37 186
11 38 4176
11 39 186
11 40 1319
11 41 2255
11 42 806
11 43 368
11 44 1784
11 45 241
11 46 1365
11 47 2268
11 48 1095
11 49 2444
11 50 2183
11 51 2095
11 52 1476
11 53 2129
12 0 1543
12 1 1470
12 2 2692
12 3 2191
12 4 2152
12 5 2199
12 6 1823
12 7 796
12 8 589
12 9 2723
12 10 1992
12 11 2153
12 12 0
12 13 2166
12 14 1137
12 15 2309
12 16 2432
12 17 1675
12 18 1384
12 19 2610
12 20 1486
12 21 738
12 22 768
12 23 1423
12 24 2680
12 25 1307
12 26 517
12 27 2723
12 28 1760
12 29 1718
12 30 1799
12 31 2199
12 32 2152
12 33 2153
12 34 213
12 35 1481
12 36 1147
12 37 2148
12 38 4531
12 39 2309
12 40 1823
12 41 2309
12 42 1579
12 43 2166
12 44 2452
12 45 2294
12 46 1279
12 47 377
12 48 1367
12 49 3054
12 50 1107
12 51 1329
12 52 2680
12 53 190
13 0 1381
13 1 1534
13 2 2336
13 3 350
13 4 2729
13 5 2068
13 6 1633
13 7 1541
13 8 2014
13 9 2757
13 10 3138
13 11 369
13 12 2108
13 13 0
13 14 2232
13 15 2569
13 16 863
13 17 2643
13 18 2127
13 19 688
13 20 2195
13 21 2179
13 22 1733
13 23 3354
13 24 1791
13 25 2442
13 26 2022
13 27 2757
13 28 445
13 29 1534
13 30 1679
13 31 2068
13 32 2729
13 33 369
13 34 2123
13 35 2614
13 36 1263
13 37 239
13 38 4490
13 39 308
13 40 1633
13 41 2569
13 42 1120
13 43 0
13 44 2099
13 45 244
13 46 1679
13 47 2139
13 48 1409
13 49 2758
13 50 2379
13 51 2364
13 52 1791
13 53 2106
14 0 1131
14 1 952
14 2 1871
14 3 2192
14 4 1204
14 5 1393
14 6 1352
14 7 806
14 8 598
14 9 1804
14 10 928
14 11 1991
14 12 1143
14 13 2220
14 14 0
14 15 1389
14 16 3055
14 17 584
14 18 385
14 19 2448
14 20 488
14 21 542
14 22 620
14 23 2120
14 24 2169
14 25 237
14 26 667
14 27 1804
14 28 2048
14 29 1246
14 30 1281
14 31 1393
14 32 1204
14 33 1991
14 34 1317
14 35 408
14 36 1016
14 37 2161
14 38 3611
14 39 2147
14 40 1352
14 41 1389
14 42 1291
14 43 2220
14 44 1778
14 45 2201
14 46 814
14 47 1437
14 48 1017
14 49 2135
14 50 155
14 51 202
14 52 2169
14 53 1053
15 0 1214
15 1 1192
15 2 718
15 3 2346
15 4 495
15 5 603
15 6 1032
15 7 1706
15 8 1834
15 9 512
15 10 1252
15 11 2180
15 12 2281
15 13 2480
15 14 1347
15 15 0
15 16 3283
15 17 1145
15 18 1052
15 19 2241
15 20 932
15 21 1864
15 22 1531
15 23 3356
15 24 1478
15 25 1373
15 26 1867
15 27 512
15 28 2616
15 29 1090
15 30 892
15 31 603
15 32 495
15 33 2180
15 34 2456
15 35 1335
15 36 1719
15 37 2311
15 38 2319
15 39 2280
15 40 1032
15 41 0
15 42 1436
15 43 2480
15 44 759
15 45 2352
15 46 1291
15 47 2493
15 48 1352
15 49 853
15 50 1478
15 51 1282
15 52 1478
15 53 2117
16 0 2187
16 1 2340
16 2 3089
16 3 1184
16 4 3535
16 5 2839
16 6 2438
16 7 2379
16 8 2789
16 9 3511
16 10 3959
16 11 1175
16 12 2384
16 13 865
16 14 3071
16 15 3323
16 16 0
16 17 3449
16 18 2932
16 19 1234
16 20 3000
16 21 2954
16 22 2507
16 23 3682
16 24 2570
16 25 3282
16 26 2797
16 27 3511
16 28 1128
16 29 2340
16 30 2484
16 31 2839
16 32 3535
16 33 1175
16 34 2400
16 35 3454
16 36 2103
16 37 1044
16 38 5243
16 39 1113
16 40 2438
16 41 3323
16 42 1925
16 43 865
16 44 2852
16 45 1049
16 46 2484
16 47 2416
16 48 2214
16 49 3511
16 50 3165
16 51 3204
16 52 2570
16 53 2540
17 0 1346
17 1 1156
17 2 1744
17 3 2479
17 4 727
17 5 1289
17 6 1551
17 7 1323
17 8 1137
17 9 1586
17 10 705
17 11 2278
17 12 1682
17 13 2616
17 14 586
17 15 1150
17 16 3419
17 17 0
17 18 577
17 19 2735
17 20 468
17 21 1068
17 22 1138
17 23 2655
17 24 2237
17 25 399
17 26 1206
17 27 1586
17 28 2537
17 29 1445
17 30 1408
17 31 1289
17 32 727
17 33 2278
17 34 1852
17 35 231
17 36 1513
17 37 2447
17 38 3393
17 39 2433
17 40 1551
17 41 1150
17 42 1538
17 43 2616
17 44 1651
17 45 2488
17 46 1068
17 47 1976
17 48 1271
17 49 1928
17 50 622
17 51 420
17 52 2237
17 53 1592
18 0 857
18 1 666
18 2 1567
18 3 1989
18 4 924
18 5 1090
18 6 1061
18 7 859
18 8 853
18 9 1500
18 10 1078
18 11 1788
18 12 1385
18 13 2126
18 14 377
18 15 1086
18 16 2930
18 17 577
18 18 0
18 19 2245
18 20 141
18 21 878
18 22 649
18 23 2418
18 24 1878
18 25 439
18 26 885
18 27 1500
18 28 2019
18 29 956
18 30 974
18 31 1090
18 32 924
18 33 1788
18 34 1565
18 35 584
18 36 987
18 37 1958
18 38 3308
18 39 1944
18 40 1061
18 41 1086
18 42 1048
18 43 2126
18 44 1475
18 45 1998
18 46 578
18 47 1611
18 48 781
18 49 1831
18 50 508
18 51 316
18 52 1878
18 53 1235
19 0 1468
19 1 1621
19 2 2005
19 3 655
19 4 2590
19 5 1755
19 6 1486
19 7 1912
19 8 2400
19 9 2426
19 10 3240
19 11 514
19 12 2546
19 13 673
19 14 2437
19 15 2238
19 16 1295
19 17 2730
19 18 2214
19 19 0
19 20 2282
19 21 2523
19 22 2000
19 23 3779
19 24 1486
19 25 2625
19 26 2422
19 27 2426
19 28 1037
19 29 1592
19 30 1701
19 31 1755
19 32 2590
19 33 514
19 34 2688
19 35 2784
19 36 1510
19 37 555
19 38 4159
19 39 364
19 40 1486
19 41 2238
19 42 1207
19 43 673
19 44 1767
19 45 451
19 46 1766
19 47 2704
19 48 1496
19 49 2427
19 50 2584
19 51 2496
19 52 1486
19 53 2530
20 0 898
20 1 707
20 2 1448
20 3 2031
20 4 804
20 5 970
20 6 1102
20 7 954
20 8 971
20 9 1380
20 10 989
20 11 1830
20 12 1494
20 13 2167
20 14 479
20 15 966
20 16 2971
20 17 468
20 18 141
20 19 2286
20 20 0
20 21 996
20 22 744
20 23 2536
20 24 1901
20 25 536
20 26 1004
20 27 1380
20 28 2089
20 29 997
20 30 1015
20 31 970
20 32 804
20 33 1830
20 34 1669
20 35 533
20 36 1065
20 37 1999
20 38 3188
20 39 1985
20 40 1102
20 41 966
20 42 1089
20 43 2167
20 44 1355
20 45 2040
20 46 620
20 47 1706
20 48 822
20 49 1711
20 50 610
20 51 414
20 52 1901
20 53 1330
21 0 1381
21 1 1202
21 2 2323
21 3 2167
21 4 1679
21 5 1846
21 6 1602
21 7 699
21 8 191
21 9 2256
21 10 1384
21 11 2064
21 12 731
21 13 2142
21 14 535
21 15 1842
21 16 2951
21 17 1067
21 18 822
21 19 2522
21 20 940
21 21 0
21 22 607
21 23 1760
21 24 2419
21 25 699
21 26 267
21 27 2256
21 28 1971
21 29 1496
21 30 1531
21 31 1846
21 32 1679
21 33 2064
21 34 912
21 35 873
21 36 1058
21 37 2125
21 38 4063
21 39 2220
21 40 1602
21 41 1842
21 42 1459
21 43 2142
21 44 2184
21 45 2271
21 46 1039
21 47 1025
21 48 1214
21 49 2587
21 50 488
21 51 729
21 52 2419
21 53 625
22 0 888
22 1 743
22 2 1964
22 3 1682
22 4 1414
22 5 1472
22 6 1142
22 7 210
22 8 418
22 9 1985
22 10 1515
22 11 1523
22 12 750
22 13 1657
22 14 603
22 15 1571
22 16 2492
22 17 1132
22 18 654
22 19 1980
22 20 748
22 21 541
22 22 0
22 23 1825
22 24 1959
22 25 830
22 26 439
22 27 1985
22 28 1486
22 29 1037
22 30 1072
22 31 1472
22 32 1414
22 33 1523
22 34 925
22 35 1002
22 36 517
22 37 1640
22 38 3793
22 39 1678
22 40 1142
22 41 1571
22 42 924
22 43 1657
22 44 1724
22 45 1733
22 46 552
22 47 962
22 48 710
22 49 2316
22 50 693
22 51 751
22 52 1959
22 53 585
23 0 2680
23 1 2561
23 2 3782
23 3 3363
23 4 3234
23 5 3290
23 6 2960
23 7 1903
23 8 1661
23 9 3805
23 10 2993
23 11 3290
23 12 1439
23 13 3338
23 14 2144
23 15 3391
23 16 3677
23 17 2676
23 18 2431
23 19 3747
23 20 2549
23 21 1703
23 22 1850
23 23 0
23 24 3777
23 25 2308
23 26 1589
23 27 3805
23 28 3005
23 29 2855
23 30 2890
23 31 3290
23 32 3234
23 33 3290
23 34 1322
23 35 2482
23 36 2284
23 37 3321
23 38 5613
23 39 3446
23 40 2960
23 41 3391
23 42 2716
23 43 3338
23 44 3542
23 45 3467
23 46 2370
23 47 1412
23 48 2504
23 49 4136
23 50 2102
23 51 2338
23 52 3777
23 53 1551
24 0 1179
24 1 1208
24 2 953
24 3 1547
24 4 1847
24 5 1038
24 6 856
24 7 1947
24 8 2303
24 9 1531
24 10 2603
24 11 1381
24 12 2597
24 13 1681
24 14 2166
24 15 1486
24 16 2485
24 17 2313
24 18 1837
24 19 1443
24 20 1905
24 21 2426
24 22 1969
24 23 3795
24 24 0
24 25 2274
24 26 2326
24 27 1531
24 28 1936
24 29 962
24 30 1058
24 31 1038
24 32 1847
24 33 1381
24 34 2772
24 35 2407
24 36 1698
24 37 1513
24 38 2991
24 39 1482
24 40 856
24 41 1486
24 42 1351
24 43 1681
24 44 786
24 45 1553
24 46 1540
24 47 2809
24 48 1355
24 49 1309
24 50 2297
24 51 2152
24 52 0
24 53 2555
25 0 1289
25 1 1110
25 2 1857
25 3 2408
25 4 1054
25 5 1380
25 6 1509
25 7 1039
25 8 819
25 9 1790
25 10 714
25 11 2207
25 12 1364
25 13 2447
25 14 251
25 15 1376
25 16 3282
25 17 368
25 18 451
25 19 2664
25 20 507
25 21 751
25 22 853
25 23 2337
25 24 2311
25 25 0
25 26 888
25 27 1790
25 28 2276
25 29 1404
25 30 1426
25 31 1380
25 32 1054
25 33 2207
25 34 1534
25 35 184
25 36 1244
25 37 2376
25 38 3597
25 39 2363
25 40 1509
25 41 1376
25 42 1449
25 43 2447
25 44 1764
25 45 2417
25 46 973
25 47 1658
25 48 1175
25 49 2121
25 50 306
25 51 148
25 52 2311
25 53 1275
26 0 1312
26 1 1136
26 2 2357
26 3 2039
26 4 1797
26 5 1865
26 6 1535
26 7 579
26 8 118
26 9 2369
26 10 1521
26 11 1954
26 12 499
26 13 2014
26 14 666
26 15 1954
26 16 2823
26 17 1204
26 18 914
26 19 2411
26 20 1032
26 21 267
26 22 496
26 23 1573
26 24 2352
26 25 836
26 26 0
26 27 2369
26 28 1842
26 29 1430
26 30 1465
26 31 1865
26 32 1797
26 33 1954
26 34 679
26 35 1010
26 36 948
26 37 1997
26 38 4176
26 39 2109
26 40 1535
26 41 1954
26 42 1349
26 43 2014
26 44 2117
26 45 2143
26 46 945
26 47 793
26 48 1119
26 49 2700
26 50 636
26 51 857
26 52 2352
26 53 457
27 0 1498
27 1 1476
27 2 596
27 3 2568
27 4 930
27 5 886
27 6 1297
27 7 2155
27 8 2283
27 9 0
27 10 1687
27 11 2402
27 12 2730
27 13 2702
27 14 1795
27 15 494
27 16 3506
27 17 1580
27 18 1500
27 19 2463
27 20 1380
27 21 2313
27 22 1979
27 23 3804
27 24 1522
27 25 1822
27 26 2315
27 27 0
27 28 2900
27 29 1374
27 30 1176
27 31 886
27 32 930
27 33 2402
27 34 2905
27 35 1770
27 36 2003
27 37 2533
27 38 1904
27 39 2502
27 40 1297
27 41 494
27 42 1720
27 43 2702
27 44 850
27 45 2574
27 46 1739
27 47 2941
27 48 1635
27 49 407
27 50 1926
27 51 1730
27 52 1522
27 53 2565
28 0 1442
28 1 1595
28 2 2565
28 3 531
28 4 2744
28 5 2129
28 6 1694
28 7 1457
28 8 1897
28 9 2900
28 10 3059
28 11 601
28 12 1710
28 13 445
28 14 2152
28 15 2642
28 16 1132
28 17 2643
28 18 2100
28 19 1060
28 20 2195
28 21 2062
28 22 1615
28 23 3007
28 24 2044
28 25 2363
28 26 1905
28 27 2900
28 28 0
28 29 1595
28 30 1740
28 31 2129
28 32 2744
28 33 601
28 34 1725
28 35 2535
28 36 1184
28 37 489
28 38 4714
28 39 680
28 40 1694
28 41 2642
28 42 1181
28 43 445
28 44 2325
28 45 635
28 46 1624
28 47 1741
28 48 1470
28 49 2982
28 50 2273
28 51 2284
28 52 2044
28 53 1865
29 0 217
29 1 297
29 2 976
29 3 1392
29 4 1409
29 5 541
29 6 105
29 7 998
29 8 1393
29 9 1363
29 10 1953
29 11 1191
29 12 1649
29 13 1529
29 14 1255
29 15 1105
29 16 2333
29 17 1443
29 18 926
29 19 1608
29 20 995
29 21 1516
29 22 1059
29 23 2867
29 24 962
29 25 1364
29 26 1415
29 27 1363
29 28 1597
29 29 0
29 30 236
29 31 541
29 32 1409
29 33 1191
29 34 1824
29 35 1497
29 36 736
29 37 1361
29 38 3125
29 39 1347
29 40 105
29 41 1105
29 42 416
29 43 1529
29 44 736
29 45 1401
29 46 629
29 47 1861
29 48 393
29 49 1393
29 50 1386
29 51 1241
29 52 962
29 53 1628
30 0 323
30 1 300
30 2 951
30 3 1520
30 4 1220
30 5 432
30 6 260
30 7 1038
30 8 1395
30 9 1190
30 10 1809
30 11 1319
30 12 1689
30 13 1657
30 14 1258
30 15 932
30 16 2460
30 17 1433
30 18 929
30 19 1719
30 20 997
30 21 1518
30 22 1061
30 23 2886
30 24 1058
30 25 1366
30 26 1418
30 27 1190
30 28 1725
30 29 241
30 30 0
30 31 432
30 32 1220
30 33 1319
30 34 1864
30 35 1499
30 36 826
30 37 1488
30 38 3046
30 39 1474
30 40 260
30 41 932
30 42 543
30 43 1657
30 44 711
30 45 1529
30 46 631
30 47 1900
30 48 459
30 49 1368
30 50 1389
30 51 1244
30 52 1058
30 53 1647
31 0 727
31 1 720
31 2 641
31 3 1822
31 4 981
31 5 0
31 6 436
31 7 1455
31 8 1812
31 9 886
31 10 1637
31 11 1656
31 12 2106
31 13 1956
31 14 1393
31 15 629
31 16 2759
31 17 1281
31 18 1099
31 19 1717
31 20 979
31 21 1911
31 22 1478
31 23 3303
31 24 954
31 25 1420
31 26 1835
31 27 886
31 28 2129
31 29 541
31 30 420
31 31 0
31 32 981
31 33 1656
31 34 2281
31 35 1403
31 36 1246
31 37 1787
31 38 2742
31 39 1756
31 40 436
31 41 629
31 42 950
31 43 1956
31 44 402
31 45 1828
31 46 1048
31 47 2317
31 48 879
31 49 1058
31 50 1524
31 51 1328
31 52 954
31 53 2064
32 0 1456
32 1 1265
32 2 1169
32 3 2588
32 4 0
32 5 979
32 6 1393
32 7 1593
32 8 1713
32 9 945
32 10 818
32 11 2387
32 12 2160
32 13 2725
32 14 1202
32 15 511
32 16 3529
32 17 725
32 18 922
32 19 2617
32 20 803
32 21 1733
32 22 1409
32 23 3235
32 24 1854
32 25 1083
32 26 1745
32 27 945
32 28 2646
32 29 1410
32 30 1211
32 31 979
32 32 0
32 33 2387
32 34 2335
32 35 915
32 36 1623
32 37 2557
32 38 2752
32 39 2543
32 40 1393
32 41 511
32 42 1647
32 43 2725
32 44 1136
32 45 2597
32 46 1178
32 47 2371
32 48 1380
32 49 1304
32 50 1306
32 51 1056
32 52 1854
32 53 1995
33 0 1067
33 1 1220
33 2 2022
33 3 212
33 4 2415
33 5 1754
33 6 1319
33 7 1511
33 8 1999
33 9 2443
33 10 2839
33 11 0
33 12 2144
33 13 368
33 14 2036
33 15 2255
33 16 1172
33 17 2329
33 18 1813
33 19 515
33 20 1881
33 21 2122
33 22 1599
33 23 3378
33 24 1476
33 25 2224
33 26 2021
33 27 2443
33 28 601
33 29 1220
33 30 1365
33 31 1754
33 32 2415
33 33 0
33 34 2252
33 35 2383
33 36 1109
33 37 186
33 38 4176
33 39 186
33 40 1319
33 41 2255
33 42 806
33 43 368
33 44 1784
33 45 241
33 46 1365
33 47 2268
33 48 1095
33 49 2444
33 50 2183
33 51 2095
33 52 1476
33 53 2129
34 0 1599
34 1 1526
34 2 2748
34 3 2176
34 4 2296
34 5 2255
34 6 1879
34 7 852
34 8 734
34 9 2868
34 10 2137
34 11 2209
34 12 174
34 13 2123
34 14 1282
34 15 2454
34 16 2386
34 17 1820
34 18 1529
34 19 2666
34 20 1631
34 21 883
34 22 913
34 23 1321
34 24 2736
34 25 1452
34 26 662
34 27 2868
34 28 1714
34 29 1774
34 30 1855
34 31 2255
34 32 2296
34 33 2209
34 34 0
34 35 1626
34 36 1203
34 37 2134
34 38 4675
34 39 2325
34 40 1879
34 41 2454
34 42 1635
34 43 2123
34 44 2508
34 45 2280
34 46 1335
34 47 165
34 48 1423
34 49 3164
34 50 1252
34 51 1473
34 52 2736
34 53 335
35 0 1398
35 1 1208
35 2 1870
35 3 2531
35 4 917
35 5 1393
35 6 1602
35 7 1195
35 8 947
35 9 1777
35 10 602
35 11 2330
35 12 1492
35 13 2604
35 14 408
35 15 1340
35 16 3438
35 17 231
35 18 583
35 19 2787
35 20 531
35 21 879
35 22 1009
35 23 2466
35 24 2324
35 25 213
35 26 1017
35 27 1777
35 28 2432
35 29 1497
35 30 1486
35 31 1393
35 32 917
35 33 2330
35 34 1663
35 35 0
35 36 1400
35 37 2499
35 38 3584
35 39 2485
35 40 1602
35 41 1340
35 42 1590
35 43 2604
35 44 1777
35 45 2540
35 46 1120
35 47 1787
35 48 1323
35 49 2118
35 50 413
35 51 300
35 52 2324
35 53 1403
36 0 569
36 1 618
36 2 1720
36 3 1235
36 4 1652
36 5 1250
36 6 849
36 7 402
36 8 905
36 9 2007
36 10 1936
36 11 1034
36 12 1036
36 13 1260
36 14 1029
36 15 1750
36 16 2094
36 17 1520
36 18 977
36 19 1491
36 20 1072
36 21 1028
36 22 489
36 23 2269
36 24 1706
36 25 1240
36 26 923
36 27 2007
36 28 1088
36 29 743
36 30 847
36 31 1250
36 32 1652
36 33 1034
36 34 1210
36 35 1412
36 36 0
36 37 1203
36 38 3863
36 39 1189
36 40 849
36 41 1750
36 42 476
36 43 1260
36 44 1480
36 45 1244
36 46 533
36 47 1247
36 48 402
36 49 2137
36 50 1129
36 51 1161
36 52 1706
36 53 1021
37 0 1212
37 1 1365
37 2 2167
37 3 148
37 4 2560
37 5 1899
37 6 1463
37 7 1515
37 8 1988
37 9 2588
37 10 2984
37 11 186
37 12 2094
37 13 237
37 14 2180
37 15 2400
37 16 1041
37 17 2474
37 18 1957
37 19 571
37 20 2026
37 21 2153
37 22 1706
37 23 3328
37 24 1621
37 25 2369
37 26 1996
37 27 2588
37 28 489
37 29 1365
37 30 1510
37 31 1899
37 32 2560
37 33 186
37 34 2140
37 35 2528
37 36 1237
37 37 0
37 38 4320
37 39 191
37 40 1463
37 41 2400
37 42 951
37 43 237
37 44 1929
37 45 150
37 46 1509
37 47 2156
37 48 1239
37 49 2589
37 50 2328
37 51 2239
37 52 1621
37 53 2079
38 0 3359
38 1 3339
38 2 2277
38 3 4307
38 4 2739
38 5 2750
38 6 3036
38 7 3964
38 8 4092
38 9 1910
38 10 3495
38 11 4141
38 12 4539
38 13 4441
38 14 3604
38 15 2302
38 16 5245
38 17 3388
38 18 3309
38 19 4203
38 20 3189
38 21 4122
38 22 3788
38 23 5614
38 24 3012
38 25 3631
38 26 4124
38 27 1910
38 28 4696
38 29 3141
38 30 3039
38 31 2750
38 32 2739
38 33 4141
38 34 4714
38 35 3579
38 36 3866
38 37 4273
38 38 0
38 39 4242
38 40 3036
38 41 2302
38 42 3550
38 43 4441
38 44 2531
38 45 4313
38 46 3548
38 47 4750
38 48 3499
38 49 1947
38 50 3735
38 51 3539
38 52 3012
38 53 4374
39 0 1198
39 1 1351
39 2 2127
39 3 291
39 4 2546
39 5 1877
39 6 1449
39 7 1641
39 8 2130
39 9 2549
39 10 2970
39 11 186
39 12 2275
39 13 309
39 14 2166
39 15 2361
39 16 1113
39 17 2460
39 18 1943
39 19 379
39 20 2012
39 21 2253
39 22 1729
39 23 3509
39 24 1593
39 25 2355
39 26 2152
39 27 2549
39 28 672
39 29 1351
39 30 1496
39 31 1877
39 32 2546
39 33 186
39 34 2323
39 35 2514
39 36 1239
39 37 191
39 38 4281
39 39 0
39 40 1449
39 41 2361
39 42 936
39 43 309
39 44 1890
39 45 88
39 46 1495
39 47 2340
39 48 1225
39 49 2549
39 50 2314
39 51 2225
39 52 1593
39 53 2260
40 0 322
40 1 392
40 2 871
40 3 1490
40 4 1393
40 5 436
40 6 0
40 7 1104
40 8 1487
40 9 1287
40 10 1992
40 11 1289
40 12 1754
40 13 1627
40 14 1350
40 15 1058
40 16 2430
40 17 1537
40 18 1020
40 19 1503
40 20 1089
40 21 1610
40 22 1153
40 23 2972
40 24 857
40 25 1458
40 26 1509
40 27 1287
40 28 1695
40 29 105
40 30 260
40 31 436
40 32 1393
40 33 1289
40 34 1929
40 35 1591
40 36 841
40 37 1458
40 38 3020
40 39 1444
40 40 0
40 41 1058
40 42 513
40 43 1627
40 44 631
40 45 1499
40 46 723
40 47 1966
40 48 498
40 49 1288
40 50 1481
40 51 1335
40 52 857
40 53 1733
41 0 1214
41 1 1192
41 2 718
41 3 2346
41 4 495
41 5 603
41 6 1032
41 7 1706
41 8 1834
41 9 512
41 10 1252
41 11 2180
41 12 2281
41 13 2480
41 14 1347
41 15 0
41 16 3283
41 17 1145
41 18 1052
41 19 2241
41 20 932
41 21 1864
41 22 1531
41 23 3356
41 24 1478
41 25 1373
41 26 1867
41 27 512
41 28 2616
41 29 1090
41 30 892
41 31 603
41 32 495
41 33 2180
41 34 2456
41 35 1335
41 36 1719
41 37 2311
41 38 2319
41 39 2280
41 40 1032
41 41 0
41 42 1436
41 43 2480
41 44 759
41 45 2352
41 46 1291
41 47 2493
41 48 1352
41 49 853
41 50 1478
41 51 1282
41 52 1478
41 53 2117
42 0 285
42 1 438
42 2 1386
42 3 997
42 4 1633
42 5 951
42 6 514
42 7 827
42 8 1316
42 9 1720
42 10 2056
42 11 796
42 12 1461
42 13 1133
42 14 1291
42 15 1463
42 16 1937
42 17 1547
42 18 1030
42 19 1253
42 20 1098
42 21 1439
42 22 915
42 23 2695
42 24 1349
42 25 1428
42 26 1337
42 27 1720
42 28 1201
42 29 416
42 30 560
42 31 951
42 32 1633
42 33 796
42 34 1636
42 35 1592
42 36 425
42 37 965
42 38 3534
42 39 951
42 40 514
42 41 1463
42 42 0
42 43 1133
42 44 1146
42 45 1006
42 46 570
42 47 1673
42 48 300
42 49 1802
42 50 1438
42 51 1299
42 52 1349
42 53 1446
43 0 1381
43 1 1534
43 2 2336
43 3 350
43 4 2729
43 5 2068
43 6 1633
43 7 1541
43 8 2014
43 9 2757
43 10 3138
43 11 369
43 12 2108
43 13 0
43 14 2232
43 15 2569
43 16 863
43 17 2643
43 18 2127
43 19 688
43 20 2195
43 21 2179
43 22 1733
43 23 3354
43 24 1791
43 25 2442
43 26 2022
43 27 2757
43 28 445
43 29 1534
43 30 1679
43 31 2068
43 32 2729
43 33 369
43 34 2123
43 35 2614
43 36 1263
43 37 239
43 38 4490
43 39 308
43 40 1633
43 41 2569
43 42 1120
43 43 0
43 44 2099
43 45 244
43 46 1679
43 47 2139
43 48 1409
43 49 2758
43 50 2379
43 51 2364
43 52 1791
43 53 2106
44 0 955
44 1 971
44 2 254
44 3 1899
44 4 1125
44 5 391
44 6 632
44 7 1710
44 8 2066
44 9 850
44 10 1881
44 11 1733
44 12 2360
44 13 2033
44 14 1769
44 15 760
44 16 2837
44 17 1643
44 18 1475
44 19 1795
44 20 1355
44 21 2189
44 22 1732
44 23 3558
44 24 786
44 25 1796
44 26 2089
44 27 850
44 28 2288
44 29 737
44 30 698
44 31 391
44 32 1125
44 33 1733
44 34 2535
44 35 1779
44 36 1473
44 37 1865
44 38 2524
44 39 1834
44 40 632
44 41 760
44 42 1146
44 43 2033
44 44 0
44 45 1905
44 46 1303
44 47 2572
44 48 1127
44 49 725
44 50 1900
44 51 1704
44 52 786
44 53 2318
45 0 1251
45 1 1403
45 2 2205
45 3 294
45 4 2599
45 5 1937
45 6 1502
45 7 1647
45 8 2121
45 9 2627
45 10 3022
45 11 238
45 12 2227
45 13 245
45 14 2219
45 15 2439
45 16 1049
45 17 2513
45 18 1996
45 19 467
45 20 2064
45 21 2285
45 22 1782
45 23 3460
45 24 1660
45 25 2407
45 26 2128
45 27 2627
45 28 621
45 29 1403
45 30 1548
45 31 1937
45 32 2599
45 33 238
45 34 2272
45 35 2566
45 36 1292
45 37 153
45 38 4359
45 39 88
45 40 1502
45 41 2439
45 42 989
45 43 245
45 44 1968
45 45 0
45 46 1548
45 47 2289
45 48 1278
45 49 2627
45 50 2366
45 51 2278
45 52 1660
45 53 2212
46 0 415
46 1 253
46 2 1474
46 3 1473
46 4 1219
46 5 982
46 6 652
46 7 533
46 8 916
46 9 1736
46 10 1643
46 11 1272
46 12 1183
46 13 1610
46 14 837
46 15 1363
46 16 2414
46 17 1133
46 18 600
46 19 1729
46 20 684
46 21 1039
46 22 565
46 23 2382
46 24 1470
46 25 975
46 26 939
46 27 1736
46 28 1484
46 29 547
46 30 582
46 31 982
46 32 1219
46 33 1272
46 34 1358
46 35 1139
46 36 460
46 37 1441
46 38 3585
46 39 1427
46 40 652
46 41 1363
46 42 519
46 43 1610
46 44 1234
46 45 1482
46 46 0
46 47 1395
46 48 218
46 49 1891
46 50 985
46 51 845
46 52 1470
46 53 1143
47 0 1662
47 1 1589
47 2 2811
47 3 2196
47 4 2395
47 5 2318
47 6 1942
47 7 915
47 8 885
47 9 2966
47 10 2287
47 11 2266
47 12 330
47 13 2144
47 14 1433
47 15 2552
47 16 2407
47 17 1971
47 18 1634
47 19 2725
47 20 1729
47 21 1033
47 22 1011
47 23 1418
47 24 2799
47 25 1603
47 26 813
47 27 2966
47 28 1734
47 29 1836
47 30 1918
47 31 2318
47 32 2395
47 33 2266
47 34 165
47 35 1777
47 36 1266
47 37 2154
47 38 4774
47 39 2345
47 40 1942
47 41 2552
47 42 1698
47 43 2144
47 44 2571
47 45 2300
47 46 1398
47 47 0
47 48 1485
47 49 3227
47 50 1403
47 51 1624
47 52 2799
47 53 486
48 0 212
48 1 282
48 2 1361
48 3 1255
48 4 1389
48 5 872
48 6 490
48 7 641
48 8 1087
48 9 1630
48 10 1813
48 11 1054
48 12 1291
48 13 1391
48 14 1008
48 15 1372
48 16 2195
48 17 1303
48 18 771
48 19 1511
48 20 855
48 21 1210
48 22 707
48 23 2509
48 24 1347
48 25 1145
48 26 1110
48 27 1630
48 28 1415
48 29 385
48 30 470
48 31 872
48 32 1389
48 33 1054
48 34 1466
48 35 1309
48 36 391
48 37 1223
48 38 3486
48 39 1209
48 40 490
48 41 1372
48 42 300
48 43 1391
48 44 1121
48 45 1264
48 46 270
48 47 1503
48 48 0
48 49 1778
48 50 1155
48 51 1016
48 52 1347
48 53 1270
49 0 1620
49 1 1636
49 2 471
49 3 2568
49 4 1272
49 5 1056
49 6 1297
49 7 2375
49 8 2609
49 9 407
49 10 2029
49 11 2402
49 12 3025
49 13 2702
49 14 2122
49 15 832
49 16 3506
49 17 1922
49 18 1827
49 19 2464
49 20 1707
49 21 2639
49 22 2306
49 23 4131
49 24 1309
49 25 2148
49 26 2642
49 27 407
49 28 2957
49 29 1402
49 30 1364
49 31 1056
49 32 1272
49 33 2402
49 34 3200
49 35 2112
49 36 2138
49 37 2534
49 38 1880
49 39 2503
49 40 1297
49 41 832
49 42 1811
49 43 2702
49 44 725
49 45 2574
49 46 1968
49 47 3237
49 48 1792
49 49 0
49 50 2253
49 51 2057
49 52 1309
49 53 2892
50 0 1272
50 1 1093
50 2 1996
50 3 2311
50 4 1318
50 5 1518
50 6 1492
50 7 858
50 8 552
50 9 1928
50 10 948
50 11 2110
50 12 1097
50 13 2337
50 14 149
50 15 1514
50 16 3169
50 17 631
50 18 510
50 19 2567
50 20 612
50 21 467
50 22 695
50 23 2067
50 24 2310
50 25 263
50 26 621
50 27 1928
50 28 2165
50 29 1387
50 30 1422
50 31 1518
50 32 1318
50 33 2110
50 34 1264
50 35 430
50 36 1118
50 37 2280
50 38 3736
50 39 2266
50 40 1492
50 41 1514
50 42 1431
50 43 2337
50 44 1903
50 45 2320
50 46 955
50 47 1391
50 48 1158
50 49 2259
50 50 0
50 51 297
50 52 2310
50 53 1008
51 0 1147
51 1 967
51 2 1798
51 3 2265
51 4 1063
51 5 1321
51 6 1366
51 7 963
51 8 793
51 9 1731
51 10 831
51 11 2064
51 12 1338
51 13 2371
51 14 197
51 15 1317
51 16 3206
51 17 421
51 18 315
51 19 2521
51 20 415
51 21 728
51 22 777
51 23 2314
51 24 2184
51 25 133
51 26 863
51 27 1731
51 28 2200
51 29 1261
51 30 1290
51 31 1321
51 32 1063
51 33 2064
51 34 1511
51 35 301
51 36 1168
51 37 2234
51 38 3539
51 39 2220
51 40 1366
51 41 1317
51 42 1306
51 43 2371
51 44 1706
51 45 2274
51 46 830
51 47 1633
51 48 1032
51 49 2062
51 50 281
51 51 0
51 52 2184
51 53 1249
52 0 1179
52 1 1208
52 2 953
52 3 1547
52 4 1847
52 5 1038
52 6 856
52 7 1947
52 8 2303
52 9 1531
52 10 2603
52 11 1381
52 12 2597
52 13 1681
52 14 2166
52 15 1486
52 16 2485
52 17 2313
52 18 1837
52 19 1443
52 20 1905
52 21 2426
52 22 1969
52 23 3795
52 24 0
52 25 2274
52 26 2326
52 27 1531
52 28 1936
52 29 962
52 30 1058
52 31 1038
52 32 1847
52 33 1381
52 34 2772
52 35 2407
52 36 1698
52 37 1513
52 38 2991
52 39 1482
52 40 856
52 41 1486
52 42 1351
52 43 1681
52 44 786
52 45 1553
52 46 1540
52 47 2809
52 48 1355
52 49 1309
52 50 2297
52 51 2152
52 52 0
52 53 2555
53 0 1427
53 1 1308
53 2 2530
53 3 2110
53 4 1981
53 5 2037
53 6 1707
53 7 651
53 8 475
53 9 2552
53 10 1889
53 11 2038
53 12 188
53 13 2085
53 14 1034
53 15 2138
53 16 2538
53 17 1572
53 18 1221
53 19 2495
53 20 1315
53 21 625
53 22 598
53 23 1574
53 24 2525
53 25 1204
53 26 471
53 27 2552
53 28 1866
53 29 1602
53 30 1637
53 31 2037
53 32 1981
53 33 2038
53 34 369
53 35 1378
53 36 1031
53 37 2068
53 38 4360
53 39 2193
53 40 1707
53 41 2138
53 42 1464
53 43 2085
53 44 2289
53 45 2214
53 46 1117
53 47 482
53 48 1251
53 49 2883
53 50 1004
53 51 1225
53 52 2525
53 53 0
