#nbCustomers
25
#nbParkings
2
#nbCentralDepots
2
#nbVehicles
2
#nbProducts
2
#parking info (nk ep lp)
1 25200 68400
1 25200 68400
#central depot info(ed, ld, waittingTime, loadingTimeperUnit)
25200 68400 1800 1.8
25200 68400 1800 1.8
#vehicle info(ek, lk, ck lower, ck upper, qk, costRate)
25200 68400 380 1430 2 1
25200 68400 300 1100 2 1
#weight of products (wp)
1
1
#customer demand (quantity, quantity, quantity,... nbProducts)
123 0
56 0
53 0
153 0
231 0
43 29
137 0
315 0
169 0
51 0
133 0
26 0
88 0
134 0
67 0
127 0
117 0
247 0
121 0
139 0
82 0
182 0
191 0
43 29
0 57
#customer info(ei, li, waittingTime, unloadingTimePerUnit)
25200 68400 900 4.2
25200 68400 900 4.2
25200 68400 900 4.2
25200 68400 900 4.2
25200 68400 900 4.2
25200 68400 900 4.2
25200 68400 900 4.2
25200 68400 900 4.2
25200 68400 900 4.2
25200 68400 900 4.2
25200 68400 900 4.2
25200 68400 900 4.2
25200 68400 900 4.2
25200 68400 900 4.2
25200 68400 900 4.2
25200 68400 900 4.2
25200 68400 900 4.2
25200 68400 900 4.2
25200 68400 900 4.2
25200 68400 900 4.2
25200 68400 900 4.2
25200 68400 900 4.2
25200 68400 900 4.2
25200 68400 900 4.2
25200 68400 900 4.2
#vehicle - product (restrictly bkp) = 1: vh can carry
1 1
1 1
#vehicles - customer (restrictly rki) = 1: vh can go to cus
1 1 1 1 1 1 1 1 1 1 1 1 1 1 1 1 1 1 1 1 1 1 1 1 1
1 1 1 1 1 1 1 1 1 1 1 1 1 1 1 1 1 1 1 1 1 1 1 1 1
#vehicle - remain customers = 1: remain
0 0 0 0 0 0 0 0 0 0 0 0 0 0 0 0 0 0 0 0 0 0 0 0 0
0 0 0 0 0 0 0 0 0 0 0 0 0 0 0 0 0 0 0 0 0 0 0 0 0
#travel time matrix:[from to travelTime]
841
0 0 0
0 1 245
0 2 1222
0 3 1216
0 4 1441
0 5 743
0 6 350
0 7 800
0 8 1256
0 9 1500
0 10 1864
0 11 1015
0 12 1451
0 13 1353
0 14 1131
0 15 1243
0 16 2157
0 17 1355
0 18 838
0 19 1472
0 20 906
0 21 1379
0 22 866
0 23 2669
0 24 1207
0 25 1268
0 26 1278
0 27 1500
0 28 1421
1 0 280
1 1 0
1 2 1275
1 3 1405
1 4 1243
1 5 756
1 6 461
1 7 750
1 8 1107
1 9 1510
1 10 1667
1 11 1204
1 12 1401
1 13 1542
1 14 970
1 15 1253
1 16 2345
1 17 1157
1 18 641
1 19 1661
1 20 709
1 21 1230
1 22 773
1 23 2598
1 24 1278
1 25 1078
1 26 1130
1 27 1510
1 28 1610
2 0 1195
2 1 1211
2 2 0
2 3 2137
2 4 1137
2 5 631
2 6 872
2 7 1950
2 8 2306
2 9 596
2 10 1894
2 11 1971
2 12 2600
2 13 2271
2 14 1951
2 15 697
2 16 3075
2 17 1787
2 18 1657
2 19 2032
2 20 1537
2 21 2429
2 22 1972
2 23 3798
2 24 953
2 25 1978
2 26 2329
2 27 596
2 28 2525
3 0 1247
3 1 1400
3 2 2201
3 3 0
3 4 2595
3 5 1933
3 6 1498
3 7 1557
3 8 2030
3 9 2623
3 10 3019
3 11 212
3 12 2137
3 13 378
3 14 2215
3 15 2435
3 16 1181
3 17 2509
3 18 1992
3 19 671
3 20 2060
3 21 2195
3 22 1749
3 23 3370
3 24 1656
3 25 2403
3 26 2038
3 27 2623
3 28 531
4 0 1456
4 1 1265
4 2 1169
4 3 2588
4 4 0
4 5 979
4 6 1393
4 7 1593
4 8 1713
4 9 945
4 10 818
4 11 2387
4 12 2160
4 13 2725
4 14 1202
4 15 511
4 16 3529
4 17 725
4 18 922
4 19 2617
4 20 803
4 21 1733
4 22 1409
4 23 3235
4 24 1854
4 25 1083
4 26 1745
4 27 945
4 28 2646
5 0 727
5 1 720
5 2 641
5 3 1822
5 4 981
5 5 0
5 6 436
5 7 1455
5 8 1812
5 9 886
5 10 1637
5 11 1656
5 12 2106
5 13 1956
5 14 1393
5 15 629
5 16 2759
5 17 1281
5 18 1099
5 19 1717
5 20 979
5 21 1911
5 22 1478
5 23 3303
5 24 954
5 25 1420
5 26 1835
5 27 886
5 28 2129
6 0 322
6 1 392
6 2 871
6 3 1490
6 4 1393
6 5 436
6 6 0
6 7 1104
6 8 1487
6 9 1287
6 10 1992
6 11 1289
6 12 1754
6 13 1627
6 14 1350
6 15 1058
6 16 2430
6 17 1537
6 18 1020
6 19 1503
6 20 1089
6 21 1610
6 22 1153
6 23 2972
6 24 857
6 25 1458
6 26 1509
6 27 1287
6 28 1695
7 0 824
7 1 743
7 2 1964
7 3 1515
7 4 1641
7 5 1472
7 6 1104
7 7 0
7 8 571
7 9 2200
7 10 1748
7 11 1434
7 12 658
7 13 1490
7 14 836
7 15 1786
7 16 2325
7 17 1365
7 18 880
7 19 1892
7 20 975
7 21 717
7 22 267
7 23 1891
7 24 1959
7 25 1063
7 26 579
7 27 2200
7 28 1318
8 0 1232
8 1 1056
8 2 2277
8 3 1976
8 4 1700
8 5 1785
8 6 1455
8 7 508
8 8 0
8 9 2276
8 10 1414
8 11 1873
8 12 626
8 13 1951
8 14 559
8 15 1862
8 16 2760
8 17 1097
8 18 822
8 19 2330
8 20 940
8 21 174
8 22 416
8 23 1700
8 24 2272
8 25 729
8 26 127
8 27 2276
8 28 1779
9 0 1498
9 1 1476
9 2 596
9 3 2568
9 4 930
9 5 886
9 6 1297
9 7 2155
9 8 2283
9 9 0
9 10 1687
9 11 2402
9 12 2730
9 13 2702
9 14 1795
9 15 494
9 16 3506
9 17 1580
9 18 1500
9 19 2463
9 20 1380
9 21 2313
9 22 1979
9 23 3804
9 24 1522
9 25 1822
9 26 2315
9 27 0
9 28 2900
10 0 1784
10 1 1594
10 2 1987
10 3 2917
10 4 904
10 5 1693
10 6 1988
10 7 1705
10 8 1443
10 9 1766
10 10 0
10 11 2716
10 12 1988
10 13 3053
10 14 932
10 15 1329
10 16 3857
10 17 629
10 18 1006
10 19 3173
10 20 917
10 21 1375
10 22 1531
10 23 2961
10 24 2641
10 25 737
10 26 1512
10 27 1766
10 28 2956
11 0 1067
11 1 1220
11 2 2022
11 3 212
11 4 2415
11 5 1754
11 6 1319
11 7 1511
11 8 1999
11 9 2443
11 10 2839
11 11 0
11 12 2144
11 13 368
11 14 2036
11 15 2255
11 16 1172
11 17 2329
11 18 1813
11 19 515
11 20 1881
11 21 2122
11 22 1599
11 23 3378
11 24 1476
11 25 2224
11 26 2021
11 27 2443
11 28 601
12 0 1543
12 1 1470
12 2 2692
12 3 2191
12 4 2152
12 5 2199
12 6 1823
12 7 796
12 8 589
12 9 2723
12 10 1992
12 11 2153
12 12 0
12 13 2166
12 14 1137
12 15 2309
12 16 2432
12 17 1675
12 18 1384
12 19 2610
12 20 1486
12 21 738
12 22 768
12 23 1423
12 24 2680
12 25 1307
12 26 517
12 27 2723
12 28 1760
13 0 1381
13 1 1534
13 2 2336
13 3 350
13 4 2729
13 5 2068
13 6 1633
13 7 1541
13 8 2014
13 9 2757
13 10 3138
13 11 369
13 12 2108
13 13 0
13 14 2232
13 15 2569
13 16 863
13 17 2643
13 18 2127
13 19 688
13 20 2195
13 21 2179
13 22 1733
13 23 3354
13 24 1791
13 25 2442
13 26 2022
13 27 2757
13 28 445
14 0 1131
14 1 952
14 2 1871
14 3 2192
14 4 1204
14 5 1393
14 6 1352
14 7 806
14 8 598
14 9 1804
14 10 928
14 11 1991
14 12 1143
14 13 2220
14 14 0
14 15 1389
14 16 3055
14 17 584
14 18 385
14 19 2448
14 20 488
14 21 542
14 22 620
14 23 2120
14 24 2169
14 25 237
14 26 667
14 27 1804
14 28 2048
15 0 1214
15 1 1192
15 2 718
15 3 2346
15 4 495
15 5 603
15 6 1032
15 7 1706
15 8 1834
15 9 512
15 10 1252
15 11 2180
15 12 2281
15 13 2480
15 14 1347
15 15 0
15 16 3283
15 17 1145
15 18 1052
15 19 2241
15 20 932
15 21 1864
15 22 1531
15 23 3356
15 24 1478
15 25 1373
15 26 1867
15 27 512
15 28 2616
16 0 2187
16 1 2340
16 2 3089
16 3 1184
16 4 3535
16 5 2839
16 6 2438
16 7 2379
16 8 2789
16 9 3511
16 10 3959
16 11 1175
16 12 2384
16 13 865
16 14 3071
16 15 3323
16 16 0
16 17 3449
16 18 2932
16 19 1234
16 20 3000
16 21 2954
16 22 2507
16 23 3682
16 24 2570
16 25 3282
16 26 2797
16 27 3511
16 28 1128
17 0 1346
17 1 1156
17 2 1744
17 3 2479
17 4 727
17 5 1289
17 6 1551
17 7 1323
17 8 1137
17 9 1586
17 10 705
17 11 2278
17 12 1682
17 13 2616
17 14 586
17 15 1150
17 16 3419
17 17 0
17 18 577
17 19 2735
17 20 468
17 21 1068
17 22 1138
17 23 2655
17 24 2237
17 25 399
17 26 1206
17 27 1586
17 28 2537
18 0 857
18 1 666
18 2 1567
18 3 1989
18 4 924
18 5 1090
18 6 1061
18 7 859
18 8 853
18 9 1500
18 10 1078
18 11 1788
18 12 1385
18 13 2126
18 14 377
18 15 1086
18 16 2930
18 17 577
18 18 0
18 19 2245
18 20 141
18 21 878
18 22 649
18 23 2418
18 24 1878
18 25 439
18 26 885
18 27 1500
18 28 2019
19 0 1468
19 1 1621
19 2 2005
19 3 655
19 4 2590
19 5 1755
19 6 1486
19 7 1912
19 8 2400
19 9 2426
19 10 3240
19 11 514
19 12 2546
19 13 673
19 14 2437
19 15 2238
19 16 1295
19 17 2730
19 18 2214
19 19 0
19 20 2282
19 21 2523
19 22 2000
19 23 3779
19 24 1486
19 25 2625
19 26 2422
19 27 2426
19 28 1037
20 0 898
20 1 707
20 2 1448
20 3 2031
20 4 804
20 5 970
20 6 1102
20 7 954
20 8 971
20 9 1380
20 10 989
20 11 1830
20 12 1494
20 13 2167
20 14 479
20 15 966
20 16 2971
20 17 468
20 18 141
20 19 2286
20 20 0
20 21 996
20 22 744
20 23 2536
20 24 1901
20 25 536
20 26 1004
20 27 1380
20 28 2089
21 0 1381
21 1 1202
21 2 2323
21 3 2167
21 4 1679
21 5 1846
21 6 1602
21 7 699
21 8 191
21 9 2256
21 10 1384
21 11 2064
21 12 731
21 13 2142
21 14 535
21 15 1842
21 16 2951
21 17 1067
21 18 822
21 19 2522
21 20 940
21 21 0
21 22 607
21 23 1760
21 24 2419
21 25 699
21 26 267
21 27 2256
21 28 1971
22 0 888
22 1 743
22 2 1964
22 3 1682
22 4 1414
22 5 1472
22 6 1142
22 7 210
22 8 418
22 9 1985
22 10 1515
22 11 1523
22 12 750
22 13 1657
22 14 603
22 15 1571
22 16 2492
22 17 1132
22 18 654
22 19 1980
22 20 748
22 21 541
22 22 0
22 23 1825
22 24 1959
22 25 830
22 26 439
22 27 1985
22 28 1486
23 0 2680
23 1 2561
23 2 3782
23 3 3363
23 4 3234
23 5 3290
23 6 2960
23 7 1903
23 8 1661
23 9 3805
23 10 2993
23 11 3290
23 12 1439
23 13 3338
23 14 2144
23 15 3391
23 16 3677
23 17 2676
23 18 2431
23 19 3747
23 20 2549
23 21 1703
23 22 1850
23 23 0
23 24 3777
23 25 2308
23 26 1589
23 27 3805
23 28 3005
24 0 1179
24 1 1208
24 2 953
24 3 1547
24 4 1847
24 5 1038
24 6 856
24 7 1947
24 8 2303
24 9 1531
24 10 2603
24 11 1381
24 12 2597
24 13 1681
24 14 2166
24 15 1486
24 16 2485
24 17 2313
24 18 1837
24 19 1443
24 20 1905
24 21 2426
24 22 1969
24 23 3795
24 24 0
24 25 2274
24 26 2326
24 27 1531
24 28 1936
25 0 1289
25 1 1110
25 2 1857
25 3 2408
25 4 1054
25 5 1380
25 6 1509
25 7 1039
25 8 819
25 9 1790
25 10 714
25 11 2207
25 12 1364
25 13 2447
25 14 251
25 15 1376
25 16 3282
25 17 368
25 18 451
25 19 2664
25 20 507
25 21 751
25 22 853
25 23 2337
25 24 2311
25 25 0
25 26 888
25 27 1790
25 28 2276
26 0 1312
26 1 1136
26 2 2357
26 3 2039
26 4 1797
26 5 1865
26 6 1535
26 7 579
26 8 118
26 9 2369
26 10 1521
26 11 1954
26 12 499
26 13 2014
26 14 666
26 15 1954
26 16 2823
26 17 1204
26 18 914
26 19 2411
26 20 1032
26 21 267
26 22 496
26 23 1573
26 24 2352
26 25 836
26 26 0
26 27 2369
26 28 1842
27 0 1498
27 1 1476
27 2 596
27 3 2568
27 4 930
27 5 886
27 6 1297
27 7 2155
27 8 2283
27 9 0
27 10 1687
27 11 2402
27 12 2730
27 13 2702
27 14 1795
27 15 494
27 16 3506
27 17 1580
27 18 1500
27 19 2463
27 20 1380
27 21 2313
27 22 1979
27 23 3804
27 24 1522
27 25 1822
27 26 2315
27 27 0
27 28 2900
28 0 1442
28 1 1595
28 2 2565
28 3 531
28 4 2744
28 5 2129
28 6 1694
28 7 1457
28 8 1897
28 9 2900
28 10 3059
28 11 601
28 12 1710
28 13 445
28 14 2152
28 15 2642
28 16 1132
28 17 2643
28 18 2100
28 19 1060
28 20 2195
28 21 2062
28 22 1615
28 23 3007
28 24 2044
28 25 2363
28 26 1905
28 27 2900
28 28 0
